2.760933750000000000e+05 2.759897187500000000e+05 2.754972500000000000e+05 2.767889062500000000e+05
2.728768437500000000e+05 2.730985000000000000e+05 2.742811250000000000e+05 2.712532187500000000e+05
2.740189062500000000e+05 2.730513750000000000e+05 2.737248437500000000e+05 2.752932812500000000e+05
2.750698750000000000e+05 2.747889375000000000e+05 2.764445625000000000e+05 2.739778125000000000e+05
2.803079062500000000e+05 2.819285312500000000e+05 2.779152500000000000e+05 2.810778125000000000e+05
2.756723437500000000e+05 2.747765625000000000e+05 2.780288750000000000e+05 2.742095625000000000e+05
2.774454687500000000e+05 2.780960625000000000e+05 2.761725937500000000e+05 2.780672812500000000e+05
2.711627187500000000e+05 2.707745625000000000e+05 2.724254375000000000e+05 2.702913750000000000e+05
2.704459687500000000e+05 2.712541562500000000e+05 2.700532812500000000e+05 2.700320000000000000e+05
2.718892812500000000e+05 2.700777500000000000e+05 2.755375937500000000e+05 2.700551562500000000e+05
2.796854687500000000e+05 2.812171562500000000e+05 2.793218125000000000e+05 2.785216875000000000e+05
2.756356875000000000e+05 2.760100937500000000e+05 2.756617187500000000e+05 2.752356250000000000e+05
2.739084375000000000e+05 2.741397187500000000e+05 2.776982187500000000e+05 2.698890312500000000e+05
2.773099062500000000e+05 2.780590937500000000e+05 2.765259062500000000e+05 2.773411875000000000e+05
2.740936875000000000e+05 2.741367812500000000e+05 2.752280000000000000e+05 2.729155625000000000e+05
2.764150937500000000e+05 2.764160000000000000e+05 2.754253437500000000e+05 2.773970937500000000e+05
2.763745937500000000e+05 2.775535312500000000e+05 2.744811562500000000e+05 2.770857812500000000e+05
2.722480000000000000e+05 2.703061250000000000e+05 2.734976562500000000e+05 2.729353750000000000e+05
2.750923437500000000e+05 2.749875937500000000e+05 2.742045937500000000e+05 2.760979687500000000e+05
2.778662187500000000e+05 2.782838437500000000e+05 2.766114375000000000e+05 2.787031562500000000e+05
2.772038437500000000e+05 2.765927187500000000e+05 2.778251562500000000e+05 2.772015312500000000e+05
2.779585000000000000e+05 2.775680000000000000e+05 2.768599062500000000e+05 2.794484375000000000e+05
2.766987812500000000e+05 2.771410937500000000e+05 2.760522187500000000e+05 2.769006875000000000e+05
2.741830312500000000e+05 2.740039375000000000e+05 2.742220000000000000e+05 2.743255625000000000e+05
2.759625937500000000e+05 2.766949062500000000e+05 2.745784375000000000e+05 2.766096875000000000e+05
2.748478750000000000e+05 2.745630625000000000e+05 2.755822500000000000e+05 2.743998437500000000e+05
2.739851250000000000e+05 2.738500937500000000e+05 2.757239062500000000e+05 2.723842500000000000e+05
2.779295937500000000e+05 2.793500000000000000e+05 2.757206875000000000e+05 2.787184375000000000e+05
2.763503437500000000e+05 2.767256875000000000e+05 2.768586250000000000e+05 2.754722500000000000e+05
2.778325000000000000e+05 2.783181250000000000e+05 2.767251250000000000e+05 2.784551250000000000e+05
2.735385937500000000e+05 2.726109375000000000e+05 2.750092187500000000e+05 2.729990625000000000e+05
2.747352812500000000e+05 2.746423750000000000e+05 2.750542812500000000e+05 2.745068125000000000e+05
2.756827187500000000e+05 2.749979062500000000e+05 2.763329062500000000e+05 2.757078437500000000e+05
2.774928437500000000e+05 2.768014375000000000e+05 2.775396562500000000e+05 2.781469687500000000e+05
2.765276562500000000e+05 2.757205937500000000e+05 2.768132500000000000e+05 2.770375625000000000e+05
2.785659062500000000e+05 2.789068437500000000e+05 2.786276875000000000e+05 2.781642187500000000e+05
2.800290312500000000e+05 2.797555312500000000e+05 2.790411562500000000e+05 2.812871250000000000e+05
2.754166875000000000e+05 2.737115937500000000e+05 2.780957812500000000e+05 2.744390000000000000e+05
2.785418437500000000e+05 2.793588750000000000e+05 2.774029687500000000e+05 2.788720312500000000e+05
2.768425312500000000e+05 2.769696562500000000e+05 2.771160312500000000e+05 2.764396875000000000e+05
2.753291250000000000e+05 2.749327812500000000e+05 2.759855937500000000e+05 2.750740312500000000e+05
2.789361562500000000e+05 2.789426250000000000e+05 2.790894687500000000e+05 2.787704687500000000e+05
2.812894687500000000e+05 2.819569062500000000e+05 2.801155937500000000e+05 2.817921875000000000e+05
2.775628437500000000e+05 2.771836562500000000e+05 2.779386875000000000e+05 2.775592812500000000e+05
2.773399062500000000e+05 2.795029062500000000e+05 2.762099062500000000e+05 2.763067187500000000e+05
2.736052187500000000e+05 2.725779062500000000e+05 2.750455000000000000e+05 2.731890000000000000e+05
