4.057664794921875000e+03 4.057664794921875000e+03 4.057664794921875000e+03 4.057664794921875000e+03
4.059722900390625000e+03 4.059722656250000000e+03 4.059722656250000000e+03 4.059722656250000000e+03
4.075870117187500000e+03 4.075870361328125000e+03 4.075870361328125000e+03 4.075870361328125000e+03
4.099625488281250000e+03 4.099625976562500000e+03 4.099625976562500000e+03 4.099625976562500000e+03
4.124376953125000000e+03 4.124376953125000000e+03 4.124376953125000000e+03 4.124376953125000000e+03
4.144678222656250000e+03 4.144678222656250000e+03 4.144678222656250000e+03 4.144678222656250000e+03
4.164356445312500000e+03 4.164356933593750000e+03 4.164356933593750000e+03 4.164356933593750000e+03
4.176546386718750000e+03 4.176546386718750000e+03 4.176546386718750000e+03 4.176546386718750000e+03
4.171479492187500000e+03 4.171479492187500000e+03 4.171479492187500000e+03 4.171479492187500000e+03
4.157337402343750000e+03 4.157337402343750000e+03 4.157337402343750000e+03 4.157337402343750000e+03
4.145955566406250000e+03 4.145955566406250000e+03 4.145955566406250000e+03 4.145955566406250000e+03
4.149950195312500000e+03 4.149950195312500000e+03 4.149950195312500000e+03 4.149950195312500000e+03
4.150542480468750000e+03 4.150542480468750000e+03 4.150542480468750000e+03 4.150542480468750000e+03
4.146514648437500000e+03 4.146514648437500000e+03 4.146514648437500000e+03 4.146514648437500000e+03
4.148177734375000000e+03 4.148177734375000000e+03 4.148177734375000000e+03 4.148177734375000000e+03
4.148724121093750000e+03 4.148724609375000000e+03 4.148724609375000000e+03 4.148724609375000000e+03
4.141110351562500000e+03 4.141110351562500000e+03 4.141110351562500000e+03 4.141110351562500000e+03
4.128458984375000000e+03 4.128458984375000000e+03 4.128458984375000000e+03 4.128458984375000000e+03
4.128428222656250000e+03 4.128428222656250000e+03 4.128428222656250000e+03 4.128428222656250000e+03
4.144564941406250000e+03 4.144564941406250000e+03 4.144564941406250000e+03 4.144564941406250000e+03
4.166160156250000000e+03 4.166160156250000000e+03 4.166160156250000000e+03 4.166160156250000000e+03
4.179749511718750000e+03 4.179749511718750000e+03 4.179749511718750000e+03 4.179749511718750000e+03
4.176457519531250000e+03 4.176457519531250000e+03 4.176457519531250000e+03 4.176457519531250000e+03
4.163067871093750000e+03 4.163067871093750000e+03 4.163067871093750000e+03 4.163067871093750000e+03
4.135056152343750000e+03 4.135055664062500000e+03 4.135055664062500000e+03 4.135055664062500000e+03
4.092592529296875000e+03 4.092592529296875000e+03 4.092592529296875000e+03 4.092592529296875000e+03
4.056232177734375000e+03 4.056232177734375000e+03 4.056232177734375000e+03 4.056232177734375000e+03
4.037537109375000000e+03 4.037537109375000000e+03 4.037537109375000000e+03 4.037537109375000000e+03
4.023084716796875000e+03 4.023084716796875000e+03 4.023084716796875000e+03 4.023084716796875000e+03
4.015917968750000000e+03 4.015917968750000000e+03 4.015917968750000000e+03 4.015917968750000000e+03
4.018302734375000000e+03 4.018302734375000000e+03 4.018302734375000000e+03 4.018302734375000000e+03
4.021009033203125000e+03 4.021008789062500000e+03 4.021008789062500000e+03 4.021008789062500000e+03
4.015771240234375000e+03 4.015771484375000000e+03 4.015771484375000000e+03 4.015771484375000000e+03
4.023629150390625000e+03 4.023628906250000000e+03 4.023628906250000000e+03 4.023628906250000000e+03
4.043679443359375000e+03 4.043679687500000000e+03 4.043679687500000000e+03 4.043679687500000000e+03
4.080683837890625000e+03 4.080683837890625000e+03 4.080683837890625000e+03 4.080683837890625000e+03
4.110736816406250000e+03 4.110736816406250000e+03 4.110736816406250000e+03 4.110736816406250000e+03
4.133660644531250000e+03 4.133660156250000000e+03 4.133660156250000000e+03 4.133660156250000000e+03
4.144695312500000000e+03 4.144695312500000000e+03 4.144695312500000000e+03 4.144695312500000000e+03
4.146856445312500000e+03 4.146856445312500000e+03 4.146856445312500000e+03 4.146856445312500000e+03
4.140965332031250000e+03 4.140964843750000000e+03 4.140964843750000000e+03 4.140964843750000000e+03
4.135373046875000000e+03 4.135373046875000000e+03 4.135373046875000000e+03 4.135373046875000000e+03
4.130312988281250000e+03 4.130313476562500000e+03 4.130313476562500000e+03 4.130313476562500000e+03
4.121573730468750000e+03 4.121573730468750000e+03 4.121573730468750000e+03 4.121573730468750000e+03
4.104803222656250000e+03 4.104803222656250000e+03 4.104803222656250000e+03 4.104803222656250000e+03
4.092144531250000000e+03 4.092144531250000000e+03 4.092144531250000000e+03 4.092144531250000000e+03
