5.873059765625000000e+04 5.873059765625000000e+04 5.873059765625000000e+04 5.873059765625000000e+04
2.486875585937500000e+04 2.486875390625000000e+04 2.486875390625000000e+04 2.486875390625000000e+04
8.877922851562500000e+03 8.877922851562500000e+03 8.877922851562500000e+03 8.877922851562500000e+03
2.652400390625000000e+03 2.652400390625000000e+03 2.652400390625000000e+03 2.652400390625000000e+03
6.579559326171875000e+02 6.579559326171875000e+02 6.579559326171875000e+02 6.579559326171875000e+02
1.342171783447265625e+02 1.342171783447265625e+02 1.342171783447265625e+02 1.342171783447265625e+02
2.223330688476562500e+01 2.223330688476562500e+01 2.223330688476562500e+01 2.223330688476562500e+01
2.939328908920288086e+00 2.939328670501708984e+00 2.939328670501708984e+00 2.939328670501708984e+00
3.024997413158416748e-01 3.024997413158416748e-01 3.024997413158416748e-01 3.024997413158416748e-01
2.333842404186725616e-02 2.333842404186725616e-02 2.333842404186725616e-02 2.333842404186725616e-02
1.269351574592292309e-03 1.269351574592292309e-03 1.269351574592292309e-03 1.269351574592292309e-03
4.338427606853656471e-05 4.338427606853656471e-05 4.338427606853656471e-05 4.338427606853656471e-05
7.008675879660586361e-07 7.008675879660586361e-07 7.008675879660586361e-07 7.008675879660586361e-07
0.000000000000000000e+00 0.000000000000000000e+00 0.000000000000000000e+00 0.000000000000000000e+00
0.000000000000000000e+00 0.000000000000000000e+00 0.000000000000000000e+00 0.000000000000000000e+00
0.000000000000000000e+00 0.000000000000000000e+00 0.000000000000000000e+00 0.000000000000000000e+00
0.000000000000000000e+00 0.000000000000000000e+00 0.000000000000000000e+00 0.000000000000000000e+00
0.000000000000000000e+00 0.000000000000000000e+00 0.000000000000000000e+00 0.000000000000000000e+00
0.000000000000000000e+00 0.000000000000000000e+00 0.000000000000000000e+00 0.000000000000000000e+00
0.000000000000000000e+00 0.000000000000000000e+00 0.000000000000000000e+00 0.000000000000000000e+00
0.000000000000000000e+00 0.000000000000000000e+00 0.000000000000000000e+00 0.000000000000000000e+00
0.000000000000000000e+00 0.000000000000000000e+00 0.000000000000000000e+00 0.000000000000000000e+00
0.000000000000000000e+00 0.000000000000000000e+00 0.000000000000000000e+00 0.000000000000000000e+00
0.000000000000000000e+00 0.000000000000000000e+00 0.000000000000000000e+00 0.000000000000000000e+00
0.000000000000000000e+00 0.000000000000000000e+00 0.000000000000000000e+00 0.000000000000000000e+00
0.000000000000000000e+00 0.000000000000000000e+00 0.000000000000000000e+00 0.000000000000000000e+00
0.000000000000000000e+00 0.000000000000000000e+00 0.000000000000000000e+00 0.000000000000000000e+00
0.000000000000000000e+00 0.000000000000000000e+00 0.000000000000000000e+00 0.000000000000000000e+00
0.000000000000000000e+00 0.000000000000000000e+00 0.000000000000000000e+00 0.000000000000000000e+00
0.000000000000000000e+00 0.000000000000000000e+00 0.000000000000000000e+00 0.000000000000000000e+00
0.000000000000000000e+00 0.000000000000000000e+00 0.000000000000000000e+00 0.000000000000000000e+00
0.000000000000000000e+00 0.000000000000000000e+00 0.000000000000000000e+00 0.000000000000000000e+00
0.000000000000000000e+00 0.000000000000000000e+00 0.000000000000000000e+00 0.000000000000000000e+00
6.859756354060664307e-07 6.859756354060664307e-07 6.859756354060664307e-07 6.859756354060664307e-07
4.241332135279662907e-05 4.241332499077543616e-05 4.241332499077543616e-05 4.241332499077543616e-05
1.240518875420093536e-03 1.240518875420093536e-03 1.240518875420093536e-03 1.240518875420093536e-03
2.280333451926708221e-02 2.280333265662193298e-02 2.280333265662193298e-02 2.280333265662193298e-02
2.955010533332824707e-01 2.955010533332824707e-01 2.955010533332824707e-01 2.955010533332824707e-01
2.870627403259277344e+00 2.870627403259277344e+00 2.870627403259277344e+00 2.870627403259277344e+00
2.170694160461425781e+01 2.170694160461425781e+01 2.170694160461425781e+01 2.170694160461425781e+01
1.309867858886718750e+02 1.309867858886718750e+02 1.309867858886718750e+02 1.309867858886718750e+02
6.417717285156250000e+02 6.417717285156250000e+02 6.417717285156250000e+02 6.417717285156250000e+02
2.585269287109375000e+03 2.585269287109375000e+03 2.585269287109375000e+03 2.585269287109375000e+03
8.644720703125000000e+03 8.644720703125000000e+03 8.644720703125000000e+03 8.644720703125000000e+03
2.418381445312500000e+04 2.418381445312500000e+04 2.418381445312500000e+04 2.418381445312500000e+04
5.701533203125000000e+04 5.701533593750000000e+04 5.701533593750000000e+04 5.701533593750000000e+04
