2.996108750000000000e+05 2.996282500000000000e+05 2.991620312500000000e+05 3.000461875000000000e+05
2.998085000000000000e+05 3.000143750000000000e+05 2.992456875000000000e+05 3.001838125000000000e+05
2.986355312500000000e+05 2.980560312500000000e+05 2.990607187500000000e+05 2.987922187500000000e+05
2.988522500000000000e+05 2.995668125000000000e+05 2.972649375000000000e+05 2.997361250000000000e+05
2.950514687500000000e+05 2.955695000000000000e+05 2.956295937500000000e+05 2.939603125000000000e+05
2.968803437500000000e+05 2.966157187500000000e+05 2.960892187500000000e+05 2.979255937500000000e+05
2.970442812500000000e+05 2.979461562500000000e+05 2.968470000000000000e+05 2.963614687500000000e+05
2.963736250000000000e+05 2.967935625000000000e+05 2.961558437500000000e+05 2.961755625000000000e+05
2.962368437500000000e+05 2.954269375000000000e+05 2.970685625000000000e+05 2.962182812500000000e+05
2.996995625000000000e+05 3.010716250000000000e+05 2.977318125000000000e+05 3.002728750000000000e+05
2.960920000000000000e+05 2.960363750000000000e+05 2.968502812500000000e+05 2.953913125000000000e+05
2.979019375000000000e+05 2.990695625000000000e+05 2.960533125000000000e+05 2.985745625000000000e+05
2.942785625000000000e+05 2.931145937500000000e+05 2.954052187500000000e+05 2.943153125000000000e+05
2.940040000000000000e+05 2.936428750000000000e+05 2.947667812500000000e+05 2.935841562500000000e+05
2.983094062500000000e+05 2.986568437500000000e+05 2.969334062500000000e+05 2.993497812500000000e+05
2.973752187500000000e+05 2.968992500000000000e+05 2.977200625000000000e+05 2.975092812500000000e+05
2.987639062500000000e+05 2.985873437500000000e+05 2.981657500000000000e+05 2.995346250000000000e+05
2.984603750000000000e+05 2.986550000000000000e+05 2.983159062500000000e+05 2.984097187500000000e+05
2.968850312500000000e+05 2.959606250000000000e+05 2.975476875000000000e+05 2.971418125000000000e+05
2.983657812500000000e+05 2.984005625000000000e+05 2.975716875000000000e+05 2.991321875000000000e+05
2.989554062500000000e+05 2.996107812500000000e+05 2.987722812500000000e+05 2.984798750000000000e+05
2.994018750000000000e+05 2.999527187500000000e+05 2.982850000000000000e+05 2.999714375000000000e+05
2.965849062500000000e+05 2.961935625000000000e+05 2.976094687500000000e+05 2.959399062500000000e+05
2.968160312500000000e+05 2.959768437500000000e+05 2.972879687500000000e+05 2.971830000000000000e+05
2.985332812500000000e+05 2.980906875000000000e+05 2.978061250000000000e+05 2.997032187500000000e+05
2.971466562500000000e+05 2.961233125000000000e+05 2.967661250000000000e+05 2.985390625000000000e+05
2.930911562500000000e+05 2.923040312500000000e+05 2.944931250000000000e+05 2.924789375000000000e+05
2.940641875000000000e+05 2.933403750000000000e+05 2.945829375000000000e+05 2.942754375000000000e+05
2.962348437500000000e+05 2.951823125000000000e+05 2.966423750000000000e+05 2.968959062500000000e+05
2.982895937500000000e+05 2.981722812500000000e+05 2.982512812500000000e+05 2.984581562500000000e+05
3.000999687500000000e+05 3.010330000000000000e+05 2.986117187500000000e+05 3.006548750000000000e+05
2.960349375000000000e+05 2.952231875000000000e+05 2.978288125000000000e+05 2.950614375000000000e+05
2.985460937500000000e+05 2.986266875000000000e+05 2.993445625000000000e+05 2.976717500000000000e+05
3.021318750000000000e+05 3.027018750000000000e+05 3.004797812500000000e+05 3.032247187500000000e+05
2.976285937500000000e+05 2.972481250000000000e+05 2.989672812500000000e+05 2.966674062500000000e+05
2.976410312500000000e+05 2.975610000000000000e+05 2.981672812500000000e+05 2.971889687500000000e+05
3.001989687500000000e+05 3.008545937500000000e+05 2.987742187500000000e+05 3.009629375000000000e+05
2.961138750000000000e+05 2.951928125000000000e+05 2.986198750000000000e+05 2.945181875000000000e+05
3.002331562500000000e+05 3.008113437500000000e+05 2.996911562500000000e+05 3.002031250000000000e+05
3.007111562500000000e+05 3.001790625000000000e+05 3.006923437500000000e+05 3.012670625000000000e+05
2.998909375000000000e+05 3.003680312500000000e+05 2.989709687500000000e+05 3.003386250000000000e+05
2.972812187500000000e+05 2.975210000000000000e+05 2.967507812500000000e+05 2.975750625000000000e+05
2.952357812500000000e+05 2.949105312500000000e+05 2.960287812500000000e+05 2.947641250000000000e+05
2.987975625000000000e+05 2.992967187500000000e+05 2.973376562500000000e+05 2.997596562500000000e+05
2.977090937500000000e+05 2.973366250000000000e+05 2.986251250000000000e+05 2.971698750000000000e+05
2.995119687500000000e+05 2.992347812500000000e+05 2.981695000000000000e+05 3.011263125000000000e+05
