2.978826562500000000e+05 2.976655312500000000e+05 2.987405625000000000e+05 2.972269375000000000e+05
2.968624687500000000e+05 2.968679062500000000e+05 2.964474687500000000e+05 2.972654687500000000e+05
2.958608437500000000e+05 2.971240937500000000e+05 2.950658437500000000e+05 2.953926250000000000e+05
3.002220312500000000e+05 2.996064375000000000e+05 3.000464687500000000e+05 3.010108437500000000e+05
3.002749062500000000e+05 3.003999687500000000e+05 3.002672187500000000e+05 3.001616250000000000e+05
3.014054687500000000e+05 3.003054687500000000e+05 3.020300000000000000e+05 3.018723125000000000e+05
2.993260937500000000e+05 2.994501875000000000e+05 2.989967500000000000e+05 2.995335000000000000e+05
2.984381562500000000e+05 2.984142500000000000e+05 2.983185000000000000e+05 2.986030625000000000e+05
2.987765937500000000e+05 2.982180000000000000e+05 2.995124062500000000e+05 2.985858437500000000e+05
2.984586562500000000e+05 2.986478125000000000e+05 2.979750937500000000e+05 2.987551562500000000e+05
2.984906562500000000e+05 2.987080000000000000e+05 2.982101562500000000e+05 2.985541250000000000e+05
2.990611562500000000e+05 2.990953125000000000e+05 2.986800937500000000e+05 2.994251875000000000e+05
2.990478125000000000e+05 2.996243750000000000e+05 2.982769687500000000e+05 2.992212187500000000e+05
3.002903125000000000e+05 3.007267812500000000e+05 2.997254062500000000e+05 3.003999062500000000e+05
3.011770625000000000e+05 3.008509062500000000e+05 3.012923750000000000e+05 3.013889687500000000e+05
2.970746250000000000e+05 2.983612187500000000e+05 2.966320937500000000e+05 2.962363437500000000e+05
2.975690000000000000e+05 2.967501562500000000e+05 2.978357187500000000e+05 2.981215625000000000e+05
2.959075312500000000e+05 2.963619687500000000e+05 2.952032812500000000e+05 2.961713437500000000e+05
2.956874687500000000e+05 2.961376250000000000e+05 2.952109687500000000e+05 2.957170625000000000e+05
2.984622187500000000e+05 2.964743125000000000e+05 2.993406562500000000e+05 2.995692187500000000e+05
2.954906562500000000e+05 2.954790000000000000e+05 2.957514062500000000e+05 2.952365937500000000e+05
2.951787187500000000e+05 2.951116250000000000e+05 2.952239687500000000e+05 2.952025937500000000e+05
2.967441250000000000e+05 2.959705625000000000e+05 2.970681875000000000e+05 2.971937500000000000e+05
2.962922812500000000e+05 2.966940937500000000e+05 2.960247187500000000e+05 2.961426875000000000e+05
2.984010312500000000e+05 2.976817500000000000e+05 2.985850000000000000e+05 2.989490312500000000e+05
2.967843437500000000e+05 2.980574687500000000e+05 2.953982187500000000e+05 2.969044687500000000e+05
2.981459687500000000e+05 2.987671562500000000e+05 2.980586562500000000e+05 2.975928437500000000e+05
3.004481562500000000e+05 2.984107812500000000e+05 3.017073125000000000e+05 3.012324062500000000e+05
2.933917812500000000e+05 2.963303437500000000e+05 2.923184062500000000e+05 2.915286562500000000e+05
2.986349062500000000e+05 2.966092187500000000e+05 2.999188437500000000e+05 2.993763125000000000e+05
2.979664062500000000e+05 2.970527500000000000e+05 2.982549375000000000e+05 2.985915312500000000e+05
2.935087812500000000e+05 2.959955937500000000e+05 2.918084687500000000e+05 2.927164687500000000e+05
2.981658437500000000e+05 2.968396562500000000e+05 2.985230625000000000e+05 2.991418750000000000e+05
2.975287812500000000e+05 2.981331250000000000e+05 2.973929687500000000e+05 2.970639687500000000e+05
2.988445000000000000e+05 2.986975000000000000e+05 2.985190000000000000e+05 2.993242812500000000e+05
2.995972812500000000e+05 2.981769375000000000e+05 3.001856250000000000e+05 3.004231250000000000e+05
2.945901562500000000e+05 2.958963437500000000e+05 2.935927187500000000e+05 2.942826875000000000e+05
2.961022812500000000e+05 2.962359375000000000e+05 2.957608437500000000e+05 2.963098125000000000e+05
2.980265312500000000e+05 2.970073437500000000e+05 2.988435625000000000e+05 2.982289687500000000e+05
2.963235625000000000e+05 2.968026250000000000e+05 2.956607812500000000e+05 2.965130937500000000e+05
2.984852187500000000e+05 2.976675000000000000e+05 2.979682187500000000e+05 2.998319375000000000e+05
2.981269062500000000e+05 2.990384375000000000e+05 2.976437187500000000e+05 2.977140000000000000e+05
3.005556562500000000e+05 2.988875937500000000e+05 3.015387500000000000e+05 3.012364687500000000e+05
2.967103437500000000e+05 2.973840937500000000e+05 2.962288437500000000e+05 2.965162500000000000e+05
2.961207812500000000e+05 2.955586562500000000e+05 2.960030000000000000e+05 2.968029687500000000e+05
2.950902500000000000e+05 2.944494062500000000e+05 2.953774375000000000e+05 2.954416562500000000e+05
