4.044292236328125000e+03 4.044291992187500000e+03 4.044291992187500000e+03 4.044291992187500000e+03
4.050125732421875000e+03 4.050125732421875000e+03 4.050125732421875000e+03 4.050125732421875000e+03
4.061214111328125000e+03 4.061214355468750000e+03 4.061214355468750000e+03 4.061214355468750000e+03
4.079261718750000000e+03 4.079261962890625000e+03 4.079261962890625000e+03 4.079261962890625000e+03
4.103740722656250000e+03 4.103740722656250000e+03 4.103740722656250000e+03 4.103740722656250000e+03
4.119274414062500000e+03 4.119274414062500000e+03 4.119274414062500000e+03 4.119274414062500000e+03
4.125047363281250000e+03 4.125047363281250000e+03 4.125047363281250000e+03 4.125047363281250000e+03
4.121469726562500000e+03 4.121469726562500000e+03 4.121469726562500000e+03 4.121469726562500000e+03
4.119188476562500000e+03 4.119188476562500000e+03 4.119188476562500000e+03 4.119188476562500000e+03
4.121139648437500000e+03 4.121139648437500000e+03 4.121139648437500000e+03 4.121139648437500000e+03
4.110729003906250000e+03 4.110729003906250000e+03 4.110729003906250000e+03 4.110729003906250000e+03
4.094017578125000000e+03 4.094017578125000000e+03 4.094017578125000000e+03 4.094017578125000000e+03
4.082381591796875000e+03 4.082381591796875000e+03 4.082381591796875000e+03 4.082381591796875000e+03
4.078820556640625000e+03 4.078820800781250000e+03 4.078820800781250000e+03 4.078820800781250000e+03
4.083907226562500000e+03 4.083907470703125000e+03 4.083907470703125000e+03 4.083907470703125000e+03
4.095648681640625000e+03 4.095648925781250000e+03 4.095648925781250000e+03 4.095648925781250000e+03
4.102244628906250000e+03 4.102244628906250000e+03 4.102244628906250000e+03 4.102244628906250000e+03
4.097137207031250000e+03 4.097137695312500000e+03 4.097137695312500000e+03 4.097137695312500000e+03
4.088604736328125000e+03 4.088604980468750000e+03 4.088604980468750000e+03 4.088604980468750000e+03
4.086581298828125000e+03 4.086581298828125000e+03 4.086581298828125000e+03 4.086581298828125000e+03
4.085866455078125000e+03 4.085866699218750000e+03 4.085866699218750000e+03 4.085866699218750000e+03
4.076173095703125000e+03 4.076173095703125000e+03 4.076173095703125000e+03 4.076173095703125000e+03
4.077185302734375000e+03 4.077185058593750000e+03 4.077185058593750000e+03 4.077185058593750000e+03
4.090523681640625000e+03 4.090523681640625000e+03 4.090523681640625000e+03 4.090523681640625000e+03
4.108446777343750000e+03 4.108446777343750000e+03 4.108446777343750000e+03 4.108446777343750000e+03
4.115333496093750000e+03 4.115333496093750000e+03 4.115333496093750000e+03 4.115333496093750000e+03
4.109906250000000000e+03 4.109906250000000000e+03 4.109906250000000000e+03 4.109906250000000000e+03
4.111020996093750000e+03 4.111020996093750000e+03 4.111020996093750000e+03 4.111020996093750000e+03
4.123251464843750000e+03 4.123251464843750000e+03 4.123251464843750000e+03 4.123251464843750000e+03
4.141927246093750000e+03 4.141927246093750000e+03 4.141927246093750000e+03 4.141927246093750000e+03
4.154743652343750000e+03 4.154743164062500000e+03 4.154743164062500000e+03 4.154743164062500000e+03
4.154776855468750000e+03 4.154776855468750000e+03 4.154776855468750000e+03 4.154776855468750000e+03
4.147478027343750000e+03 4.147478027343750000e+03 4.147478027343750000e+03 4.147478027343750000e+03
4.149028808593750000e+03 4.149028808593750000e+03 4.149028808593750000e+03 4.149028808593750000e+03
4.161217285156250000e+03 4.161217773437500000e+03 4.161217773437500000e+03 4.161217773437500000e+03
4.164964355468750000e+03 4.164963867187500000e+03 4.164963867187500000e+03 4.164963867187500000e+03
4.147063964843750000e+03 4.147064453125000000e+03 4.147064453125000000e+03 4.147064453125000000e+03
4.126358398437500000e+03 4.126358398437500000e+03 4.126358398437500000e+03 4.126358398437500000e+03
4.120236816406250000e+03 4.120236816406250000e+03 4.120236816406250000e+03 4.120236816406250000e+03
4.125369628906250000e+03 4.125370117187500000e+03 4.125370117187500000e+03 4.125370117187500000e+03
4.135486328125000000e+03 4.135485839843750000e+03 4.135485839843750000e+03 4.135485839843750000e+03
4.143152832031250000e+03 4.143152343750000000e+03 4.143152343750000000e+03 4.143152343750000000e+03
4.147490722656250000e+03 4.147491210937500000e+03 4.147491210937500000e+03 4.147491210937500000e+03
4.141054199218750000e+03 4.141054199218750000e+03 4.141054199218750000e+03 4.141054199218750000e+03
4.128648925781250000e+03 4.128648925781250000e+03 4.128648925781250000e+03 4.128648925781250000e+03
4.122604980468750000e+03 4.122604492187500000e+03 4.122604492187500000e+03 4.122604492187500000e+03
