8.778175711631774902e-01
8.570846319198608398e-01
8.540874719619750977e-01
8.510987758636474609e-01
8.500890731811523438e-01
8.490765094757080078e-01
8.485991358757019043e-01
8.481283187866210938e-01
8.478567004203796387e-01
8.475945591926574707e-01
8.474212288856506348e-01
8.472571372985839844e-01
8.471377491950988770e-01
8.470262885093688965e-01
8.469395041465759277e-01
8.468590974807739258e-01
8.467934727668762207e-01
8.467328548431396484e-01
8.466816544532775879e-01
8.466344475746154785e-01
8.465934395790100098e-01
8.465556502342224121e-01
8.465220928192138672e-01
8.464911580085754395e-01
8.464633226394653320e-01
8.464375138282775879e-01
8.464140295982360840e-01
8.463920950889587402e-01
8.463720679283142090e-01
8.463532924652099609e-01
8.463359475135803223e-01
8.463196754455566406e-01
8.463045358657836914e-01
8.462903499603271484e-01
8.462769985198974609e-01
8.462644815444946289e-01
8.462526202201843262e-01
8.462415337562561035e-01
8.462309837341308594e-01
8.462209701538085938e-01
8.462114930152893066e-01
8.462024927139282227e-01
8.461939692497253418e-01
8.461858630180358887e-01
8.461781144142150879e-01
8.461707234382629395e-01
8.461635708808898926e-01
8.461567759513854980e-01
8.461503386497497559e-01
8.461440801620483398e-01
8.461381793022155762e-01
8.461323976516723633e-01
8.461269736289978027e-01
8.461216092109680176e-01
8.461166024208068848e-01
8.461116552352905273e-01
8.461068868637084961e-01
8.461023569107055664e-01
8.460979461669921875e-01
8.460936546325683594e-01
8.460895419120788574e-01
8.460855484008789062e-01
8.460817337036132812e-01
8.460779786109924316e-01
8.460742831230163574e-01
8.460707664489746094e-01
8.460673689842224121e-01
8.460639715194702148e-01
8.460608124732971191e-01
8.460576534271240234e-01
8.460546135902404785e-01
8.460516929626464844e-01
8.460487127304077148e-01
8.460459113121032715e-01
8.460432291030883789e-01
8.460405468940734863e-01
8.460379242897033691e-01
8.460353016853332520e-01
8.460327982902526855e-01
8.460304141044616699e-01
8.460280299186706543e-01
8.460256457328796387e-01
8.460233807563781738e-01
8.460211157798767090e-01
8.460189104080200195e-01
8.460167646408081055e-01
8.460146188735961914e-01
8.460125327110290527e-01
8.460105061531066895e-01
8.460084199905395508e-01
8.460065126419067383e-01
8.460045456886291504e-01
8.460026979446411133e-01
8.460007905960083008e-01
8.459990024566650391e-01
8.459971547126770020e-01
8.459954261779785156e-01
8.459936380386352539e-01
8.459919691085815430e-01
8.459902405738830566e-01
8.459886312484741211e-01
8.459869623184204102e-01
8.459853529930114746e-01
8.459837436676025391e-01
8.459821939468383789e-01
8.459806442260742188e-01
8.459790945053100586e-01
8.459776043891906738e-01
8.459761142730712891e-01
8.459746241569519043e-01
8.459731340408325195e-01
8.459717631340026855e-01
8.459703326225280762e-01
8.459689617156982422e-01
8.459675312042236328e-01
8.459661602973937988e-01
8.459648489952087402e-01
8.459635376930236816e-01
8.459622263908386230e-01
8.459608554840087891e-01
8.459595441818237305e-01
8.459582924842834473e-01
8.459570407867431641e-01
8.459557890892028809e-01
8.459545373916625977e-01
8.459532856941223145e-01
8.459520339965820312e-01
8.459509015083312988e-01
8.459497094154357910e-01
8.459485769271850586e-01
8.459473848342895508e-01
8.459461927413940430e-01
8.459450602531433105e-01
8.459438681602478027e-01
8.459426760673522949e-01
8.459416031837463379e-01
8.459404706954956055e-01
8.459393978118896484e-01
8.459382653236389160e-01
8.459371924400329590e-01
8.459361195564270020e-01
8.459349870681762695e-01
8.459339141845703125e-01
8.459328413009643555e-01
8.459317088127136230e-01
8.459307551383972168e-01
8.459296822547912598e-01
8.459286689758300781e-01
8.459277153015136719e-01
8.459266424179077148e-01
8.459256291389465332e-01
8.459246158599853516e-01
8.459236025810241699e-01
8.459225893020629883e-01
8.459215760231018066e-01
8.459205627441406250e-01
8.459195494651794434e-01
8.459185957908630371e-01
8.459176421165466309e-01
8.459167480468750000e-01
8.459157943725585938e-01
8.459148406982421875e-01
8.459139466285705566e-01
8.459129929542541504e-01
8.459120392799377441e-01
8.459110856056213379e-01
8.459101915359497070e-01
8.459092378616333008e-01
8.459082841873168945e-01
8.459073305130004883e-01
8.459064364433288574e-01
8.459054827690124512e-01
8.459045290946960449e-01
8.459036350250244141e-01
8.459028601646423340e-01
8.459019660949707031e-01
8.459010720252990723e-01
8.459002375602722168e-01
8.458994030952453613e-01
8.458985090255737305e-01
8.458976745605468750e-01
8.458967804908752441e-01
8.458959460258483887e-01
8.458951115608215332e-01
8.458942174911499023e-01
8.458933234214782715e-01
8.458925485610961914e-01
8.458916544914245605e-01
8.458907604217529297e-01
8.458899259567260742e-01
8.458890914916992188e-01
8.458881974220275879e-01
8.458873629570007324e-01
8.458864688873291016e-01
8.458856344223022461e-01
8.458848595619201660e-01
8.458840847015380859e-01
8.458832502365112305e-01
8.458825349807739258e-01
8.458817601203918457e-01
8.458809256553649902e-01
8.458801507949829102e-01
8.458794355392456055e-01
8.458786010742187500e-01
8.458778262138366699e-01
8.458770513534545898e-01
8.458762168884277344e-01
8.458755016326904297e-01
8.458747267723083496e-01
8.458738923072814941e-01
8.458731174468994141e-01
8.458724021911621094e-01
8.458715677261352539e-01
8.458707928657531738e-01
8.458700180053710938e-01
8.458691835403442383e-01
8.458684682846069336e-01
8.458676934242248535e-01
8.458668589591979980e-01
8.458660840988159180e-01
8.458653688430786133e-01
8.458645343780517578e-01
8.458637595176696777e-01
8.458629846572875977e-01
8.458622097969055176e-01
8.458614349365234375e-01
8.458607196807861328e-01
8.458600044250488281e-01
8.458592891693115234e-01
8.458586335182189941e-01
8.458579182624816895e-01
8.458572030067443848e-01
8.458564877510070801e-01
8.458557724952697754e-01
8.458551168441772461e-01
8.458544015884399414e-01
8.458536863327026367e-01
8.458529710769653320e-01
8.458522558212280273e-01
8.458516001701354980e-01
8.458508849143981934e-01
8.458501696586608887e-01
8.458494544029235840e-01
8.458487391471862793e-01
8.458480834960937500e-01
8.458473682403564453e-01
8.458466529846191406e-01
8.458459377288818359e-01
8.458452224731445312e-01
8.458445668220520020e-01
8.458438515663146973e-01
8.458431363105773926e-01
8.458424210548400879e-01
8.458417057991027832e-01
8.458410501480102539e-01
8.458403348922729492e-01
8.458396196365356445e-01
8.458389043807983398e-01
8.458381891250610352e-01
8.458375334739685059e-01
8.458368182182312012e-01
8.458361029624938965e-01
8.458353877067565918e-01
8.458346724510192871e-01
8.458340167999267578e-01
8.458333015441894531e-01
8.458325862884521484e-01
8.458318710327148438e-01
8.458311557769775391e-01
8.458305001258850098e-01
8.458297848701477051e-01
8.458291292190551758e-01
8.458285331726074219e-01
8.458278775215148926e-01
8.458272814750671387e-01
8.458266854286193848e-01
8.458260297775268555e-01
8.458253741264343262e-01
8.458247780799865723e-01
8.458241820335388184e-01
8.458235263824462891e-01
8.458229303359985352e-01
8.458222746849060059e-01
8.458216190338134766e-01
8.458210229873657227e-01
8.458204269409179688e-01
8.458197712898254395e-01
8.458191752433776855e-01
8.458185195922851562e-01
8.458178639411926270e-01
8.458172678947448730e-01
8.458166718482971191e-01
8.458160161972045898e-01
8.458154201507568359e-01
8.458147644996643066e-01
8.458141088485717773e-01
8.458135724067687988e-01
8.458129167556762695e-01
8.458122611045837402e-01
8.458116650581359863e-01
8.458110094070434570e-01
8.458103537559509277e-01
8.458098173141479492e-01
8.458091616630554199e-01
8.458085060119628906e-01
8.458079099655151367e-01
8.458072543144226074e-01
8.458066582679748535e-01
8.458060622215270996e-01
8.458054065704345703e-01
8.458047509193420410e-01
8.458041548728942871e-01
8.458034992218017578e-01
8.458029031753540039e-01
8.458023071289062500e-01
8.458016514778137207e-01
8.458009958267211914e-01
8.458003997802734375e-01
8.457998037338256836e-01
8.457991480827331543e-01
8.457985520362854004e-01
8.457978963851928711e-01
8.457972407341003418e-01
8.457966446876525879e-01
8.457960486412048340e-01
8.457953929901123047e-01
8.457947969436645508e-01
8.457941412925720215e-01
8.457934856414794922e-01
8.457929491996765137e-01
8.457922935485839844e-01
8.457916378974914551e-01
8.457910418510437012e-01
8.457903861999511719e-01
8.457897305488586426e-01
8.457891941070556641e-01
8.457885384559631348e-01
8.457878828048706055e-01
8.457872867584228516e-01
8.457866311073303223e-01
8.457861542701721191e-01
8.457855582237243652e-01
8.457850217819213867e-01
8.457844853401184082e-01
8.457838892936706543e-01
8.457833528518676758e-01
8.457828164100646973e-01
8.457822799682617188e-01
8.457817435264587402e-01
8.457812070846557617e-01
8.457806110382080078e-01
8.457800745964050293e-01
8.457795381546020508e-01
8.457790017127990723e-01
8.457784652709960938e-01
8.457779288291931152e-01
8.457773327827453613e-01
8.457767963409423828e-01
8.457762598991394043e-01
8.457757234573364258e-01
8.457751870155334473e-01
8.457746505737304688e-01
8.457740545272827148e-01
8.457735180854797363e-01
8.457729816436767578e-01
8.457723855972290039e-01
8.457719087600708008e-01
8.457713723182678223e-01
8.457707762718200684e-01
8.457702398300170898e-01
8.457697033882141113e-01
8.457691073417663574e-01
8.457686305046081543e-01
8.457680940628051758e-01
8.457674980163574219e-01
8.457669615745544434e-01
8.457664251327514648e-01
8.457658290863037109e-01
8.457653522491455078e-01
8.457648158073425293e-01
8.457642197608947754e-01
8.457636833190917969e-01
8.457631468772888184e-01
8.457625508308410645e-01
8.457620143890380859e-01
8.457615375518798828e-01
8.457609415054321289e-01
8.457604050636291504e-01
8.457598686218261719e-01
8.457592725753784180e-01
8.457587361335754395e-01
8.457582592964172363e-01
8.457576632499694824e-01
8.457571268081665039e-01
8.457565903663635254e-01
8.457559943199157715e-01
8.457554578781127930e-01
8.457549810409545898e-01
8.457543849945068359e-01
8.457538485527038574e-01
8.457533121109008789e-01
8.457527160644531250e-01
8.457521796226501465e-01
8.457516431808471680e-01
8.457511067390441895e-01
8.457505702972412109e-01
8.457500338554382324e-01
8.457494378089904785e-01
8.457489013671875000e-01
8.457483649253845215e-01
8.457478284835815430e-01
8.457472920417785645e-01
8.457467555999755859e-01
8.457461595535278320e-01
8.457456231117248535e-01
8.457450866699218750e-01
8.457445502281188965e-01
8.457440137863159180e-01
8.457434773445129395e-01
8.457428812980651855e-01
8.457423448562622070e-01
8.457418084144592285e-01
8.457412719726562500e-01
8.457407355308532715e-01
8.457401990890502930e-01
8.457396030426025391e-01
8.457390666007995605e-01
8.457385301589965820e-01
8.457379341125488281e-01
8.457374572753906250e-01
8.457369208335876465e-01
8.457363247871398926e-01
8.457357883453369141e-01
8.457352519035339355e-01
8.457346558570861816e-01
8.457341790199279785e-01
8.457336425781250000e-01
8.457330465316772461e-01
8.457325100898742676e-01
8.457319736480712891e-01
8.457313776016235352e-01
8.457309007644653320e-01
8.457303643226623535e-01
8.457297682762145996e-01
8.457292318344116211e-01
8.457286953926086426e-01
8.457280993461608887e-01
8.457275629043579102e-01
8.457270860671997070e-01
8.457264900207519531e-01
8.457260131835937500e-01
8.457255363464355469e-01
8.457250595092773438e-01
8.457245826721191406e-01
8.457241058349609375e-01
8.457236886024475098e-01
8.457232117652893066e-01
8.457227349281311035e-01
8.457222580909729004e-01
8.457217812538146973e-01
8.457213044166564941e-01
8.457208275794982910e-01
8.457204103469848633e-01
8.457199335098266602e-01
8.457194566726684570e-01
8.457189798355102539e-01
8.457185029983520508e-01
8.457180261611938477e-01
8.457175493240356445e-01
8.457170724868774414e-01
8.457166552543640137e-01
8.457161784172058105e-01
8.457157015800476074e-01
8.457152247428894043e-01
8.457147479057312012e-01
8.457142710685729980e-01
8.457137942314147949e-01
8.457133769989013672e-01
8.457129001617431641e-01
8.457124233245849609e-01
8.457119464874267578e-01
8.457114696502685547e-01
8.457109928131103516e-01
8.457105159759521484e-01
8.457100987434387207e-01
8.457096219062805176e-01
8.457091450691223145e-01
8.457086682319641113e-01
8.457081913948059082e-01
8.457077145576477051e-01
8.457072377204895020e-01
8.457067608833312988e-01
8.457063436508178711e-01
8.457058668136596680e-01
8.457053899765014648e-01
8.457049131393432617e-01
8.457044363021850586e-01
8.457039594650268555e-01
8.457034826278686523e-01
8.457030653953552246e-01
8.457025885581970215e-01
8.457021117210388184e-01
8.457016348838806152e-01
8.457011580467224121e-01
8.457006812095642090e-01
8.457002043724060059e-01
8.456997871398925781e-01
8.456993103027343750e-01
8.456988334655761719e-01
8.456983566284179688e-01
8.456978797912597656e-01
8.456974029541015625e-01
8.456969261169433594e-01
8.456964492797851562e-01
8.456960320472717285e-01
8.456955552101135254e-01
8.456950783729553223e-01
8.456946015357971191e-01
8.456941246986389160e-01
8.456936478614807129e-01
8.456931710243225098e-01
8.456927537918090820e-01
8.456922769546508789e-01
8.456918001174926758e-01
8.456913232803344727e-01
8.456908464431762695e-01
8.456903696060180664e-01
8.456898927688598633e-01
8.456894159317016602e-01
8.456889986991882324e-01
8.456885218620300293e-01
8.456880450248718262e-01
8.456875681877136230e-01
8.456870913505554199e-01
8.456866145133972168e-01
8.456861376762390137e-01
8.456857204437255859e-01
8.456852436065673828e-01
8.456847667694091797e-01
8.456842899322509766e-01
8.456838130950927734e-01
8.456833362579345703e-01
8.456828594207763672e-01
8.456824421882629395e-01
8.456819653511047363e-01
8.456814885139465332e-01
8.456810116767883301e-01
8.456805348396301270e-01
8.456800580024719238e-01
8.456795811653137207e-01
8.456791043281555176e-01
8.456786870956420898e-01
8.456782102584838867e-01
8.456777334213256836e-01
8.456772565841674805e-01
8.456767797470092773e-01
8.456763029098510742e-01
8.456758260726928711e-01
8.456754088401794434e-01
8.456749320030212402e-01
8.456744551658630371e-01
8.456739783287048340e-01
8.456735014915466309e-01
8.456730246543884277e-01
8.456725478172302246e-01
8.456721305847167969e-01
8.456716537475585938e-01
8.456711769104003906e-01
8.456707000732421875e-01
8.456702232360839844e-01
8.456697463989257812e-01
8.456692695617675781e-01
8.456687927246093750e-01
8.456683754920959473e-01
8.456678986549377441e-01
8.456674218177795410e-01
8.456669449806213379e-01
8.456664681434631348e-01
8.456659913063049316e-01
8.456655144691467285e-01
8.456650972366333008e-01
8.456646203994750977e-01
8.456641435623168945e-01
8.456636667251586914e-01
8.456631898880004883e-01
8.456627130508422852e-01
8.456622362136840820e-01
8.456618189811706543e-01
8.456613421440124512e-01
8.456608653068542480e-01
8.456603884696960449e-01
8.456599116325378418e-01
8.456594347953796387e-01
8.456589579582214355e-01
8.456584811210632324e-01
8.456580638885498047e-01
8.456575870513916016e-01
8.456571102142333984e-01
8.456566333770751953e-01
8.456561565399169922e-01
8.456556797027587891e-01
8.456552028656005859e-01
8.456547856330871582e-01
8.456543087959289551e-01
8.456538319587707520e-01
8.456533551216125488e-01
8.456528782844543457e-01
8.456524014472961426e-01
8.456519246101379395e-01
8.456514477729797363e-01
8.456510305404663086e-01
8.456505537033081055e-01
8.456500768661499023e-01
8.456496000289916992e-01
8.456491231918334961e-01
8.456486463546752930e-01
8.456481695175170898e-01
8.456477522850036621e-01
8.456472754478454590e-01
8.456467986106872559e-01
8.456463217735290527e-01
8.456458449363708496e-01
8.456453680992126465e-01
8.456448912620544434e-01
8.456444740295410156e-01
8.456439971923828125e-01
8.456435203552246094e-01
8.456430435180664062e-01
8.456425666809082031e-01
8.456420898437500000e-01
8.456416130065917969e-01
8.456411361694335938e-01
8.456407189369201660e-01
8.456402420997619629e-01
8.456397652626037598e-01
8.456392884254455566e-01
8.456388115882873535e-01
8.456383347511291504e-01
8.456378579139709473e-01
8.456374406814575195e-01
8.456369638442993164e-01
8.456364870071411133e-01
8.456360101699829102e-01
8.456355333328247070e-01
8.456350564956665039e-01
8.456345796585083008e-01
8.456341624259948730e-01
8.456336855888366699e-01
8.456332087516784668e-01
8.456328511238098145e-01
8.456324338912963867e-01
8.456320166587829590e-01
8.456316590309143066e-01
8.456312417984008789e-01
8.456308245658874512e-01
8.456305265426635742e-01
8.456301093101501465e-01
8.456296920776367188e-01
8.456293344497680664e-01
8.456289172172546387e-01
8.456284999847412109e-01
8.456281423568725586e-01
8.456277251243591309e-01
8.456273078918457031e-01
8.456270098686218262e-01
8.456265926361083984e-01
8.456261754035949707e-01
8.456258177757263184e-01
8.456254005432128906e-01
8.456249833106994629e-01
8.456246256828308105e-01
8.456242084503173828e-01
8.456237912178039551e-01
8.456234931945800781e-01
8.456230759620666504e-01
8.456226587295532227e-01
8.456223011016845703e-01
8.456218838691711426e-01
8.456214666366577148e-01
8.456211090087890625e-01
8.456206917762756348e-01
8.456203341484069824e-01
8.456199765205383301e-01
8.456195592880249023e-01
8.456191420555114746e-01
8.456187844276428223e-01
8.456183671951293945e-01
8.456179499626159668e-01
8.456175923347473145e-01
8.456171751022338867e-01
8.456168174743652344e-01
8.456164598464965820e-01
8.456160426139831543e-01
8.456156253814697266e-01
8.456152677536010742e-01
8.456148505210876465e-01
8.456144332885742188e-01
8.456140756607055664e-01
8.456136584281921387e-01
8.456133008003234863e-01
8.456129431724548340e-01
8.456125259399414062e-01
8.456121087074279785e-01
8.456117510795593262e-01
8.456113338470458984e-01
8.456109166145324707e-01
8.456105589866638184e-01
8.456101417541503906e-01
8.456097841262817383e-01
8.456094264984130859e-01
8.456090092658996582e-01
8.456085920333862305e-01
8.456082344055175781e-01
8.456078171730041504e-01
8.456073999404907227e-01
8.456070423126220703e-01
8.456066250801086426e-01
8.456062674522399902e-01
8.456059098243713379e-01
8.456054925918579102e-01
8.456050753593444824e-01
8.456047177314758301e-01
8.456043004989624023e-01
8.456038832664489746e-01
8.456035256385803223e-01
8.456031084060668945e-01
8.456027507781982422e-01
8.456023931503295898e-01
8.456019759178161621e-01
8.456015586853027344e-01
8.456012010574340820e-01
8.456007838249206543e-01
8.456003665924072266e-01
8.456000089645385742e-01
8.455995917320251465e-01
8.455992341041564941e-01
8.455988764762878418e-01
8.455984592437744141e-01
8.455980420112609863e-01
8.455976843833923340e-01
8.455972671508789062e-01
8.455968499183654785e-01
8.455964922904968262e-01
8.455961346626281738e-01
8.455957174301147461e-01
8.455953598022460938e-01
8.455949425697326660e-01
8.455945253372192383e-01
8.455941677093505859e-01
8.455937504768371582e-01
8.455933332443237305e-01
8.455929756164550781e-01
8.455926179885864258e-01
8.455922007560729980e-01
8.455918431282043457e-01
8.455914258956909180e-01
8.455910086631774902e-01
8.455906510353088379e-01
8.455902338027954102e-01
8.455898165702819824e-01
8.455894589424133301e-01
8.455891013145446777e-01
8.455886840820312500e-01
8.455883264541625977e-01
8.455879092216491699e-01
8.455874919891357422e-01
8.455871343612670898e-01
8.455867171287536621e-01
8.455862998962402344e-01
8.455859422683715820e-01
8.455855846405029297e-01
8.455851674079895020e-01
8.455848097801208496e-01
8.455843925476074219e-01
8.455839753150939941e-01
8.455836176872253418e-01
8.455832004547119141e-01
8.455827832221984863e-01
8.455824255943298340e-01
8.455820679664611816e-01
8.455816507339477539e-01
8.455812931060791016e-01
8.455808758735656738e-01
8.455804586410522461e-01
8.455801010131835938e-01
8.455796837806701660e-01
8.455792665481567383e-01
8.455789089202880859e-01
8.455785512924194336e-01
8.455781340599060059e-01
8.455777764320373535e-01
8.455773591995239258e-01
8.455769419670104980e-01
8.455765843391418457e-01
8.455761671066284180e-01
8.455757498741149902e-01
8.455754518508911133e-01
8.455750346183776855e-01
8.455746173858642578e-01
8.455742597579956055e-01
8.455738425254821777e-01
8.455734252929687500e-01
8.455730676651000977e-01
8.455726504325866699e-01
8.455722332000732422e-01
8.455719351768493652e-01
8.455715179443359375e-01
8.455711007118225098e-01
8.455707430839538574e-01
8.455703258514404297e-01
8.455699086189270020e-01
8.455695509910583496e-01
8.455691337585449219e-01
8.455687165260314941e-01
8.455684185028076172e-01
8.455680012702941895e-01
8.455675840377807617e-01
8.455672264099121094e-01
8.455668091773986816e-01
8.455663919448852539e-01
8.455660343170166016e-01
8.455656170845031738e-01
8.455651998519897461e-01
8.455649018287658691e-01
8.455644845962524414e-01
8.455640673637390137e-01
8.455637097358703613e-01
8.455632925033569336e-01
8.455628752708435059e-01
8.455625176429748535e-01
8.455621004104614258e-01
8.455616831779479980e-01
8.455613851547241211e-01
8.455609679222106934e-01
8.455605506896972656e-01
8.455601930618286133e-01
8.455597758293151855e-01
8.455593585968017578e-01
8.455590009689331055e-01
8.455585837364196777e-01
8.455581665039062500e-01
8.455578684806823730e-01
8.455574512481689453e-01
8.455570340156555176e-01
8.455566763877868652e-01
8.455562591552734375e-01
8.455558419227600098e-01
8.455554842948913574e-01
8.455550670623779297e-01
8.455547094345092773e-01
8.455543518066406250e-01
8.455539345741271973e-01
8.455535173416137695e-01
8.455531597137451172e-01
8.455527424812316895e-01
8.455523252487182617e-01
8.455519676208496094e-01
8.455515503883361816e-01
8.455511927604675293e-01
8.455508351325988770e-01
8.455504179000854492e-01
8.455500006675720215e-01
8.455496430397033691e-01
8.455492258071899414e-01
8.455488085746765137e-01
8.455484509468078613e-01
8.455480337142944336e-01
8.455476760864257812e-01
8.455473184585571289e-01
8.455469012260437012e-01
8.455464839935302734e-01
8.455461263656616211e-01
8.455457091331481934e-01
8.455452919006347656e-01
8.455449342727661133e-01
8.455445170402526855e-01
8.455441594123840332e-01
8.455438017845153809e-01
8.455433845520019531e-01
8.455429673194885254e-01
8.455426096916198730e-01
8.455421924591064453e-01
8.455417752265930176e-01
8.455414175987243652e-01
8.455410003662109375e-01
8.455406427383422852e-01
8.455402851104736328e-01
8.455398678779602051e-01
8.455394506454467773e-01
8.455390930175781250e-01
8.455386757850646973e-01
8.455382585525512695e-01
8.455379009246826172e-01
8.455374836921691895e-01
8.455371260643005371e-01
8.455367684364318848e-01
8.455363512039184570e-01
8.455359339714050293e-01
8.455355763435363770e-01
8.455351591110229492e-01
8.455347418785095215e-01
8.455343842506408691e-01
8.455339670181274414e-01
8.455336093902587891e-01
8.455332517623901367e-01
8.455328345298767090e-01
8.455324172973632812e-01
8.455320596694946289e-01
8.455316424369812012e-01
8.455312252044677734e-01
8.455308675765991211e-01
8.455305099487304688e-01
8.455300927162170410e-01
8.455297350883483887e-01
8.455293178558349609e-01
8.455289006233215332e-01
8.455285429954528809e-01
8.455281257629394531e-01
8.455277085304260254e-01
8.455273509025573730e-01
8.455269932746887207e-01
8.455265760421752930e-01
8.455262184143066406e-01
8.455258011817932129e-01
8.455253839492797852e-01
8.455250263214111328e-01
8.455246090888977051e-01
8.455241918563842773e-01
8.455238342285156250e-01
8.455234766006469727e-01
8.455230593681335449e-01
8.455227017402648926e-01
8.455222845077514648e-01
8.455218672752380371e-01
8.455215096473693848e-01
8.455210924148559570e-01
8.455206751823425293e-01
8.455203175544738770e-01
8.455199599266052246e-01
8.455195426940917969e-01
8.455191850662231445e-01
8.455187678337097168e-01
8.455183506011962891e-01
8.455179929733276367e-01
8.455175757408142090e-01
8.455171585083007812e-01
8.455168008804321289e-01
8.455164432525634766e-01
8.455160260200500488e-01
8.455156683921813965e-01
8.455152511596679688e-01
8.455148339271545410e-01
8.455144762992858887e-01
8.455140590667724609e-01
8.455136418342590332e-01
8.455132842063903809e-01
8.455129265785217285e-01
8.455125093460083008e-01
8.455121517181396484e-01
8.455117344856262207e-01
8.455113172531127930e-01
8.455109596252441406e-01
8.455105423927307129e-01
8.455101251602172852e-01
8.455097675323486328e-01
8.455094099044799805e-01
8.455089926719665527e-01
8.455086350440979004e-01
8.455082178115844727e-01
8.455078005790710449e-01
8.455074429512023926e-01
8.455070257186889648e-01
8.455066084861755371e-01
8.455063104629516602e-01
8.455058932304382324e-01
8.455054759979248047e-01
8.455051183700561523e-01
8.455047011375427246e-01
8.455042839050292969e-01
8.455039262771606445e-01
8.455035090446472168e-01
8.455030918121337891e-01
8.455027937889099121e-01
8.455023765563964844e-01
8.455019593238830566e-01
8.455016016960144043e-01
8.455011844635009766e-01
8.455007672309875488e-01
8.455004096031188965e-01
8.454999923706054688e-01
8.454995751380920410e-01
8.454992771148681641e-01
8.454988598823547363e-01
8.454984426498413086e-01
8.454980850219726562e-01
8.454976677894592285e-01
8.454972505569458008e-01
8.454968929290771484e-01
8.454964756965637207e-01
8.454960584640502930e-01
