9.200776815414428711e-01
9.067996740341186523e-01
9.052848219871520996e-01
9.034035801887512207e-01
9.029049873352050781e-01
9.022741317749023438e-01
9.020394682884216309e-01
9.017493128776550293e-01
9.016158580780029297e-01
9.014572501182556152e-01
9.013724327087402344e-01
9.012756347656250000e-01
9.012175798416137695e-01
9.011538028717041016e-01
9.011120200157165527e-01
9.010675549507141113e-01
9.010363221168518066e-01
9.010040163993835449e-01
9.009799361228942871e-01
9.009555578231811523e-01
9.009366631507873535e-01
9.009177684783935547e-01
9.009025096893310547e-01
9.008875489234924316e-01
9.008751511573791504e-01
9.008630514144897461e-01
9.008527994155883789e-01
9.008429050445556641e-01
9.008343219757080078e-01
9.008260965347290039e-01
9.008188247680664062e-01
9.008118510246276855e-01
9.008057117462158203e-01
9.007998704910278320e-01
9.007945060729980469e-01
9.007894992828369141e-01
9.007848501205444336e-01
9.007804393768310547e-01
9.007764458656311035e-01
9.007726907730102539e-01
9.007691740989685059e-01
9.007658958435058594e-01
9.007627964019775391e-01
9.007599353790283203e-01
9.007571935653686523e-01
9.007546305656433105e-01
9.007521867752075195e-01
9.007499217987060547e-01
9.007478356361389160e-01
9.007457494735717773e-01
9.007439017295837402e-01
9.007421135902404785e-01
9.007403850555419922e-01
9.007387161254882812e-01
9.007372260093688965e-01
9.007356762886047363e-01
9.007343053817749023e-01
9.007329940795898438e-01
9.007316827774047852e-01
9.007305502891540527e-01
9.007294774055480957e-01
9.007283449172973633e-01
9.007273912429809570e-01
9.007264375686645508e-01
9.007254838943481445e-01
9.007245898246765137e-01
9.007237553596496582e-01
9.007229804992675781e-01
9.007222056388854980e-01
9.007214903831481934e-01
9.007208347320556641e-01
9.007201790809631348e-01
9.007195234298706055e-01
9.007189273834228516e-01
9.007183313369750977e-01
9.007177948951721191e-01
9.007173180580139160e-01
9.007168412208557129e-01
9.007163643836975098e-01
9.007158875465393066e-01
9.007154703140258789e-01
9.007150530815124512e-01
9.007146954536437988e-01
9.007142782211303711e-01
9.007140398025512695e-01
9.007136821746826172e-01
9.007133841514587402e-01
9.007130861282348633e-01
9.007127285003662109e-01
9.007124900817871094e-01
9.007122516632080078e-01
9.007120132446289062e-01
9.007117748260498047e-01
9.007115364074707031e-01
9.007112979888916016e-01
9.007110595703125000e-01
9.007109403610229492e-01
9.007107615470886230e-01
9.007106423377990723e-01
9.007105231285095215e-01
9.007103443145751953e-01
9.007101655006408691e-01
9.007100462913513184e-01
9.007098674774169922e-01
9.007096886634826660e-01
9.007096290588378906e-01
9.007095694541931152e-01
9.007094502449035645e-01
9.007093906402587891e-01
9.007093310356140137e-01
9.007092118263244629e-01
9.007091522216796875e-01
9.007090926170349121e-01
9.007089734077453613e-01
9.007089138031005859e-01
9.007088541984558105e-01
9.007087349891662598e-01
9.007086753845214844e-01
9.007086753845214844e-01
9.007086753845214844e-01
9.007086753845214844e-01
9.007086753845214844e-01
9.007086753845214844e-01
9.007086753845214844e-01
9.007086753845214844e-01
9.007086753845214844e-01
9.007086753845214844e-01
9.007086753845214844e-01
9.007086753845214844e-01
9.007086753845214844e-01
9.007086753845214844e-01
9.007086753845214844e-01
9.007086753845214844e-01
9.007086753845214844e-01
9.007086753845214844e-01
9.007086753845214844e-01
9.007086753845214844e-01
9.007086753845214844e-01
9.007086753845214844e-01
9.007086753845214844e-01
9.007086753845214844e-01
9.007086753845214844e-01
9.007086753845214844e-01
9.007086753845214844e-01
9.007087349891662598e-01
9.007088541984558105e-01
9.007089138031005859e-01
9.007089734077453613e-01
9.007090926170349121e-01
9.007091522216796875e-01
9.007092118263244629e-01
9.007093310356140137e-01
9.007093906402587891e-01
9.007094502449035645e-01
9.007095694541931152e-01
9.007096290588378906e-01
9.007096886634826660e-01
9.007098078727722168e-01
9.007098674774169922e-01
9.007099270820617676e-01
9.007100462913513184e-01
9.007101058959960938e-01
9.007101655006408691e-01
9.007102847099304199e-01
9.007103443145751953e-01
9.007104039192199707e-01
9.007105231285095215e-01
9.007105827331542969e-01
9.007106423377990723e-01
9.007107019424438477e-01
9.007107615470886230e-01
9.007108211517333984e-01
9.007109403610229492e-01
9.007109999656677246e-01
9.007110595703125000e-01
9.007111787796020508e-01
9.007112383842468262e-01
9.007112979888916016e-01
9.007114171981811523e-01
9.007114768028259277e-01
9.007115364074707031e-01
9.007116556167602539e-01
9.007117152214050293e-01
9.007117748260498047e-01
9.007118940353393555e-01
9.007119536399841309e-01
9.007120132446289062e-01
9.007121324539184570e-01
9.007121920585632324e-01
9.007122516632080078e-01
9.007123708724975586e-01
9.007124304771423340e-01
9.007124900817871094e-01
9.007126092910766602e-01
9.007126688957214355e-01
9.007127285003662109e-01
9.007128477096557617e-01
9.007129073143005371e-01
9.007129669189453125e-01
9.007130861282348633e-01
9.007131457328796387e-01
9.007132053375244141e-01
9.007133245468139648e-01
9.007133841514587402e-01
9.007134437561035156e-01
9.007135629653930664e-01
9.007136225700378418e-01
9.007136821746826172e-01
9.007138013839721680e-01
9.007138609886169434e-01
9.007139205932617188e-01
9.007140398025512695e-01
9.007140994071960449e-01
9.007140994071960449e-01
9.007142186164855957e-01
9.007142782211303711e-01
9.007143378257751465e-01
9.007144570350646973e-01
9.007145166397094727e-01
9.007145762443542480e-01
9.007146954536437988e-01
9.007147550582885742e-01
9.007148146629333496e-01
9.007149338722229004e-01
9.007149934768676758e-01
9.007150530815124512e-01
9.007151722908020020e-01
9.007152318954467773e-01
9.007152915000915527e-01
9.007154107093811035e-01
9.007154703140258789e-01
9.007155299186706543e-01
9.007156491279602051e-01
9.007157087326049805e-01
9.007157683372497559e-01
9.007158875465393066e-01
9.007159471511840820e-01
9.007160067558288574e-01
9.007161259651184082e-01
9.007161855697631836e-01
9.007162451744079590e-01
9.007163643836975098e-01
9.007164239883422852e-01
9.007164835929870605e-01
9.007166028022766113e-01
9.007166624069213867e-01
9.007167220115661621e-01
9.007168412208557129e-01
9.007169008255004883e-01
9.007169604301452637e-01
9.007170796394348145e-01
9.007171392440795898e-01
9.007171988487243652e-01
9.007173180580139160e-01
9.007173776626586914e-01
9.007174372673034668e-01
9.007175564765930176e-01
9.007175564765930176e-01
9.007176160812377930e-01
9.007177352905273438e-01
9.007177948951721191e-01
9.007178544998168945e-01
9.007179737091064453e-01
9.007180333137512207e-01
9.007180929183959961e-01
9.007182121276855469e-01
9.007182717323303223e-01
9.007183313369750977e-01
9.007184505462646484e-01
9.007185101509094238e-01
9.007185697555541992e-01
9.007186889648437500e-01
9.007187485694885254e-01
9.007188081741333008e-01
9.007189273834228516e-01
9.007189869880676270e-01
9.007190465927124023e-01
9.007191658020019531e-01
9.007192254066467285e-01
9.007192850112915039e-01
9.007194042205810547e-01
9.007194638252258301e-01
9.007195234298706055e-01
9.007196426391601562e-01
9.007197022438049316e-01
9.007197618484497070e-01
9.007198810577392578e-01
9.007199406623840332e-01
9.007200002670288086e-01
9.007201194763183594e-01
9.007201790809631348e-01
9.007202386856079102e-01
9.007203578948974609e-01
9.007204174995422363e-01
9.007204771041870117e-01
9.007205963134765625e-01
9.007206559181213379e-01
9.007207155227661133e-01
9.007208347320556641e-01
9.007208943367004395e-01
9.007209539413452148e-01
9.007210135459899902e-01
9.007210731506347656e-01
9.007211327552795410e-01
9.007212519645690918e-01
9.007213115692138672e-01
9.007213711738586426e-01
9.007214903831481934e-01
9.007215499877929688e-01
9.007216095924377441e-01
9.007217288017272949e-01
9.007217884063720703e-01
9.007218480110168457e-01
9.007219672203063965e-01
9.007220268249511719e-01
9.007220864295959473e-01
9.007222056388854980e-01
9.007222652435302734e-01
9.007223248481750488e-01
9.007224440574645996e-01
9.007225036621093750e-01
9.007225632667541504e-01
9.007226824760437012e-01
9.007227420806884766e-01
9.007228016853332520e-01
9.007229208946228027e-01
9.007229804992675781e-01
9.007230401039123535e-01
9.007231593132019043e-01
9.007232189178466797e-01
9.007232785224914551e-01
9.007233977317810059e-01
9.007234573364257812e-01
9.007235169410705566e-01
9.007236361503601074e-01
9.007236957550048828e-01
9.007237553596496582e-01
9.007238745689392090e-01
9.007239341735839844e-01
9.007239937782287598e-01
9.007241129875183105e-01
9.007241725921630859e-01
9.007242321968078613e-01
9.007243514060974121e-01
9.007244110107421875e-01
9.007244706153869629e-01
9.007245302200317383e-01
9.007245898246765137e-01
9.007246494293212891e-01
9.007247686386108398e-01
9.007248282432556152e-01
9.007248878479003906e-01
9.007250070571899414e-01
9.007250666618347168e-01
9.007251262664794922e-01
9.007252454757690430e-01
9.007253050804138184e-01
9.007253646850585938e-01
9.007254838943481445e-01
9.007255434989929199e-01
9.007256031036376953e-01
9.007257223129272461e-01
9.007257819175720215e-01
9.007258415222167969e-01
9.007259607315063477e-01
9.007260203361511230e-01
9.007260799407958984e-01
9.007261991500854492e-01
9.007262587547302246e-01
9.007263183593750000e-01
9.007264375686645508e-01
9.007264971733093262e-01
9.007265567779541016e-01
9.007266759872436523e-01
9.007267355918884277e-01
9.007267951965332031e-01
9.007269144058227539e-01
9.007269740104675293e-01
9.007270336151123047e-01
9.007271528244018555e-01
9.007272124290466309e-01
9.007272720336914062e-01
9.007273912429809570e-01
9.007274508476257324e-01
9.007275104522705078e-01
9.007276296615600586e-01
9.007276892662048340e-01
9.007277488708496094e-01
9.007278680801391602e-01
9.007279276847839355e-01
9.007279276847839355e-01
9.007280468940734863e-01
9.007281064987182617e-01
9.007281661033630371e-01
9.007282853126525879e-01
9.007283449172973633e-01
9.007284045219421387e-01
9.007285237312316895e-01
9.007285833358764648e-01
9.007286429405212402e-01
9.007287621498107910e-01
9.007288217544555664e-01
9.007288813591003418e-01
9.007290005683898926e-01
9.007290601730346680e-01
9.007291197776794434e-01
9.007292389869689941e-01
9.007292985916137695e-01
9.007293581962585449e-01
9.007294774055480957e-01
9.007295370101928711e-01
9.007295966148376465e-01
9.007297158241271973e-01
9.007297754287719727e-01
9.007298350334167480e-01
9.007299542427062988e-01
9.007300138473510742e-01
9.007300734519958496e-01
9.007301926612854004e-01
9.007302522659301758e-01
9.007303118705749512e-01
9.007304310798645020e-01
9.007304906845092773e-01
9.007305502891540527e-01
9.007306694984436035e-01
9.007307291030883789e-01
9.007307887077331543e-01
9.007309079170227051e-01
9.007309675216674805e-01
9.007310271263122559e-01
9.007311463356018066e-01
9.007312059402465820e-01
9.007312655448913574e-01
9.007313847541809082e-01
9.007313847541809082e-01
9.007314443588256836e-01
9.007315635681152344e-01
9.007316231727600098e-01
9.007316827774047852e-01
9.007318019866943359e-01
9.007318615913391113e-01
9.007319211959838867e-01
9.007320404052734375e-01
9.007321000099182129e-01
9.007321596145629883e-01
9.007322788238525391e-01
9.007323384284973145e-01
9.007323980331420898e-01
9.007325172424316406e-01
9.007325768470764160e-01
9.007326364517211914e-01
9.007327556610107422e-01
9.007328152656555176e-01
9.007328748703002930e-01
9.007329940795898438e-01
9.007330536842346191e-01
9.007331132888793945e-01
9.007332324981689453e-01
9.007332921028137207e-01
9.007333517074584961e-01
9.007334709167480469e-01
9.007335305213928223e-01
9.007335901260375977e-01
9.007337093353271484e-01
9.007337689399719238e-01
9.007338285446166992e-01
9.007339477539062500e-01
9.007340073585510254e-01
9.007340669631958008e-01
9.007341861724853516e-01
9.007342457771301270e-01
9.007343053817749023e-01
9.007344245910644531e-01
9.007344841957092285e-01
9.007345438003540039e-01
9.007346630096435547e-01
9.007347226142883301e-01
9.007347822189331055e-01
9.007348418235778809e-01
9.007349014282226562e-01
9.007349610328674316e-01
9.007350802421569824e-01
9.007351398468017578e-01
9.007351994514465332e-01
9.007353186607360840e-01
9.007353782653808594e-01
9.007354378700256348e-01
9.007355570793151855e-01
9.007356166839599609e-01
9.007356762886047363e-01
9.007357954978942871e-01
9.007358551025390625e-01
9.007359147071838379e-01
9.007360339164733887e-01
9.007360935211181641e-01
9.007361531257629395e-01
9.007362723350524902e-01
9.007363319396972656e-01
9.007363915443420410e-01
9.007365107536315918e-01
9.007365703582763672e-01
9.007366299629211426e-01
9.007367491722106934e-01
9.007368087768554688e-01
9.007368683815002441e-01
9.007369875907897949e-01
9.007370471954345703e-01
9.007371068000793457e-01
9.007372260093688965e-01
9.007372856140136719e-01
9.007373452186584473e-01
9.007374644279479980e-01
9.007375240325927734e-01
9.007375836372375488e-01
9.007377028465270996e-01
9.007377624511718750e-01
9.007378220558166504e-01
9.007379412651062012e-01
9.007380008697509766e-01
9.007380604743957520e-01
9.007381796836853027e-01
9.007382392883300781e-01
9.007382988929748535e-01
9.007383584976196289e-01
9.007384181022644043e-01
9.007384777069091797e-01
9.007385969161987305e-01
9.007386565208435059e-01
9.007387161254882812e-01
9.007388353347778320e-01
9.007388949394226074e-01
9.007389545440673828e-01
9.007390737533569336e-01
9.007391333580017090e-01
9.007391929626464844e-01
9.007393121719360352e-01
9.007393717765808105e-01
9.007394313812255859e-01
9.007395505905151367e-01
9.007396101951599121e-01
9.007396697998046875e-01
9.007397890090942383e-01
9.007398486137390137e-01
9.007399082183837891e-01
9.007400274276733398e-01
9.007400870323181152e-01
9.007401466369628906e-01
9.007402658462524414e-01
9.007403254508972168e-01
9.007403850555419922e-01
9.007405042648315430e-01
9.007405638694763184e-01
9.007406234741210938e-01
9.007407426834106445e-01
9.007408022880554199e-01
9.007408618927001953e-01
9.007409811019897461e-01
9.007410407066345215e-01
9.007411003112792969e-01
9.007412195205688477e-01
9.007412791252136230e-01
9.007413387298583984e-01
9.007414579391479492e-01
9.007415175437927246e-01
9.007415771484375000e-01
9.007416963577270508e-01
9.007417559623718262e-01
9.007417559623718262e-01
9.007418751716613770e-01
9.007419347763061523e-01
9.007419943809509277e-01
9.007421135902404785e-01
9.007421731948852539e-01
9.007422327995300293e-01
9.007423520088195801e-01
9.007424116134643555e-01
9.007424712181091309e-01
9.007425904273986816e-01
9.007426500320434570e-01
9.007427096366882324e-01
9.007428288459777832e-01
9.007428884506225586e-01
9.007429480552673340e-01
9.007430672645568848e-01
9.007431268692016602e-01
9.007431864738464355e-01
9.007433056831359863e-01
9.007433652877807617e-01
9.007434248924255371e-01
9.007435441017150879e-01
9.007436037063598633e-01
9.007436633110046387e-01
9.007437825202941895e-01
9.007438421249389648e-01
9.007439017295837402e-01
9.007440209388732910e-01
9.007440805435180664e-01
9.007441401481628418e-01
9.007442593574523926e-01
9.007443189620971680e-01
9.007443785667419434e-01
9.007444977760314941e-01
9.007445573806762695e-01
9.007446169853210449e-01
9.007447361946105957e-01
9.007447957992553711e-01
9.007448554039001465e-01
9.007449746131896973e-01
9.007450342178344727e-01
9.007450938224792480e-01
9.007452130317687988e-01
9.007452130317687988e-01
9.007452726364135742e-01
9.007453918457031250e-01
9.007454514503479004e-01
9.007455110549926758e-01
9.007456302642822266e-01
9.007456898689270020e-01
9.007457494735717773e-01
9.007458686828613281e-01
9.007459282875061035e-01
9.007459878921508789e-01
9.007461071014404297e-01
9.007461667060852051e-01
9.007462263107299805e-01
9.007463455200195312e-01
9.007464051246643066e-01
9.007464647293090820e-01
9.007465839385986328e-01
9.007466435432434082e-01
9.007467031478881836e-01
9.007468223571777344e-01
9.007468819618225098e-01
9.007469415664672852e-01
9.007470607757568359e-01
9.007471203804016113e-01
9.007471799850463867e-01
9.007472991943359375e-01
9.007473587989807129e-01
9.007474184036254883e-01
9.007475376129150391e-01
9.007475972175598145e-01
9.007476568222045898e-01
9.007477760314941406e-01
9.007478356361389160e-01
9.007478952407836914e-01
9.007480144500732422e-01
9.007480740547180176e-01
9.007481336593627930e-01
9.007482528686523438e-01
9.007483124732971191e-01
9.007483720779418945e-01
9.007484912872314453e-01
9.007485508918762207e-01
9.007486104965209961e-01
9.007486701011657715e-01
9.007487297058105469e-01
9.007487893104553223e-01
9.007489085197448730e-01
9.007489681243896484e-01
9.007490277290344238e-01
9.007491469383239746e-01
9.007492065429687500e-01
9.007492661476135254e-01
9.007493853569030762e-01
9.007494449615478516e-01
9.007495045661926270e-01
9.007496237754821777e-01
9.007496833801269531e-01
9.007497429847717285e-01
9.007498621940612793e-01
9.007499217987060547e-01
9.007499814033508301e-01
9.007501006126403809e-01
9.007501602172851562e-01
9.007502198219299316e-01
9.007503390312194824e-01
9.007503986358642578e-01
9.007504582405090332e-01
9.007505774497985840e-01
9.007506370544433594e-01
9.007506966590881348e-01
9.007508158683776855e-01
9.007508754730224609e-01
9.007509350776672363e-01
9.007510542869567871e-01
9.007511138916015625e-01
9.007511734962463379e-01
9.007512927055358887e-01
9.007513523101806641e-01
9.007514119148254395e-01
9.007515311241149902e-01
9.007515907287597656e-01
9.007516503334045410e-01
9.007517695426940918e-01
9.007518291473388672e-01
9.007518887519836426e-01
9.007520079612731934e-01
9.007520675659179688e-01
9.007521271705627441e-01
9.007521867752075195e-01
9.007522463798522949e-01
9.007523059844970703e-01
9.007524251937866211e-01
9.007524847984313965e-01
9.007525444030761719e-01
9.007526636123657227e-01
9.007527232170104980e-01
9.007527828216552734e-01
9.007529020309448242e-01
9.007529616355895996e-01
9.007530212402343750e-01
9.007531404495239258e-01
9.007532000541687012e-01
9.007532596588134766e-01
9.007533788681030273e-01
9.007534384727478027e-01
9.007534980773925781e-01
9.007536172866821289e-01
9.007536768913269043e-01
9.007537364959716797e-01
9.007538557052612305e-01
9.007539153099060059e-01
9.007539749145507812e-01
9.007540941238403320e-01
9.007541537284851074e-01
9.007542133331298828e-01
9.007543325424194336e-01
9.007543921470642090e-01
9.007544517517089844e-01
9.007545709609985352e-01
9.007546305656433105e-01
9.007546901702880859e-01
9.007548093795776367e-01
9.007548689842224121e-01
9.007549285888671875e-01
9.007550477981567383e-01
9.007551074028015137e-01
9.007551670074462891e-01
9.007552862167358398e-01
9.007553458213806152e-01
9.007554054260253906e-01
9.007555246353149414e-01
9.007555842399597168e-01
9.007555842399597168e-01
9.007557034492492676e-01
9.007557630538940430e-01
9.007558226585388184e-01
9.007559418678283691e-01
9.007560014724731445e-01
9.007560610771179199e-01
9.007561802864074707e-01
9.007562398910522461e-01
9.007562994956970215e-01
9.007564187049865723e-01
9.007564783096313477e-01
9.007565379142761230e-01
9.007566571235656738e-01
9.007567167282104492e-01
9.007567763328552246e-01
9.007568955421447754e-01
9.007569551467895508e-01
9.007570147514343262e-01
9.007571339607238770e-01
9.007571935653686523e-01
9.007572531700134277e-01
9.007573723793029785e-01
9.007574319839477539e-01
9.007574915885925293e-01
9.007576107978820801e-01
9.007576704025268555e-01
9.007577300071716309e-01
9.007578492164611816e-01
9.007579088211059570e-01
9.007579684257507324e-01
9.007580876350402832e-01
9.007581472396850586e-01
9.007582068443298340e-01
9.007583260536193848e-01
9.007583856582641602e-01
9.007584452629089355e-01
9.007585644721984863e-01
9.007586240768432617e-01
9.007586836814880371e-01
9.007588028907775879e-01
9.007588624954223633e-01
9.007589221000671387e-01
9.007590413093566895e-01
9.007590413093566895e-01
9.007591009140014648e-01
9.007592201232910156e-01
9.007592797279357910e-01
9.007593393325805664e-01
9.007594585418701172e-01
9.007595181465148926e-01
9.007595777511596680e-01
9.007596969604492188e-01
9.007597565650939941e-01
9.007598161697387695e-01
9.007599353790283203e-01
9.007599949836730957e-01
9.007600545883178711e-01
9.007601737976074219e-01
9.007602334022521973e-01
9.007602930068969727e-01
9.007604122161865234e-01
9.007604718208312988e-01
9.007605314254760742e-01
9.007606506347656250e-01
9.007607102394104004e-01
9.007607698440551758e-01
9.007608890533447266e-01
9.007609486579895020e-01
9.007610082626342773e-01
9.007611274719238281e-01
9.007611870765686035e-01
9.007612466812133789e-01
9.007613658905029297e-01
9.007614254951477051e-01
9.007614850997924805e-01
9.007616043090820312e-01
9.007616639137268066e-01
9.007617235183715820e-01
9.007618427276611328e-01
9.007619023323059082e-01
9.007619619369506836e-01
9.007620811462402344e-01
9.007621407508850098e-01
9.007622003555297852e-01
9.007623195648193359e-01
9.007623791694641113e-01
9.007624387741088867e-01
9.007624983787536621e-01
9.007625579833984375e-01
9.007626175880432129e-01
9.007627367973327637e-01
9.007627964019775391e-01
9.007628560066223145e-01
9.007629752159118652e-01
9.007630348205566406e-01
9.007630944252014160e-01
9.007632136344909668e-01
9.007632732391357422e-01
9.007633328437805176e-01
9.007634520530700684e-01
9.007635116577148438e-01
9.007635712623596191e-01
9.007636904716491699e-01
9.007637500762939453e-01
9.007638096809387207e-01
9.007639288902282715e-01
9.007639884948730469e-01
9.007640480995178223e-01
9.007641673088073730e-01
9.007642269134521484e-01
9.007642865180969238e-01
9.007644057273864746e-01
9.007644653320312500e-01
9.007645249366760254e-01
9.007646441459655762e-01
9.007647037506103516e-01
9.007647633552551270e-01
9.007648825645446777e-01
9.007649421691894531e-01
9.007650017738342285e-01
9.007651209831237793e-01
9.007651805877685547e-01
9.007652401924133301e-01
9.007653594017028809e-01
9.007654190063476562e-01
9.007654786109924316e-01
9.007655978202819824e-01
9.007656574249267578e-01
9.007657170295715332e-01
9.007658362388610840e-01
9.007658958435058594e-01
9.007659554481506348e-01
9.007660150527954102e-01
9.007660746574401855e-01
9.007661342620849609e-01
9.007662534713745117e-01
9.007663130760192871e-01
9.007663726806640625e-01
9.007664918899536133e-01
9.007665514945983887e-01
9.007666110992431641e-01
9.007667303085327148e-01
9.007667899131774902e-01
9.007668495178222656e-01
9.007669687271118164e-01
9.007670283317565918e-01
9.007670879364013672e-01
9.007672071456909180e-01
9.007672667503356934e-01
9.007673263549804688e-01
9.007674455642700195e-01
9.007675051689147949e-01
9.007675647735595703e-01
9.007676839828491211e-01
9.007677435874938965e-01
9.007678031921386719e-01
9.007679224014282227e-01
9.007679820060729980e-01
9.007680416107177734e-01
9.007681608200073242e-01
9.007682204246520996e-01
9.007682800292968750e-01
9.007683992385864258e-01
9.007684588432312012e-01
9.007685184478759766e-01
9.007686376571655273e-01
9.007686972618103027e-01
9.007687568664550781e-01
9.007688760757446289e-01
9.007689356803894043e-01
9.007689952850341797e-01
9.007691144943237305e-01
9.007691740989685059e-01
9.007692337036132812e-01
9.007693529129028320e-01
9.007694125175476074e-01
9.007694125175476074e-01
9.007695317268371582e-01
9.007695913314819336e-01
9.007696509361267090e-01
9.007697701454162598e-01
9.007698297500610352e-01
9.007698893547058105e-01
9.007700085639953613e-01
9.007700681686401367e-01
9.007701277732849121e-01
9.007702469825744629e-01
9.007703065872192383e-01
9.007703661918640137e-01
9.007704854011535645e-01
9.007705450057983398e-01
9.007706046104431152e-01
9.007707238197326660e-01
9.007707834243774414e-01
9.007708430290222168e-01
9.007709622383117676e-01
9.007710218429565430e-01
9.007710814476013184e-01
9.007712006568908691e-01
9.007712602615356445e-01
9.007713198661804199e-01
9.007714390754699707e-01
9.007714986801147461e-01
9.007715582847595215e-01
9.007716774940490723e-01
9.007717370986938477e-01
9.007717967033386230e-01
9.007719159126281738e-01
9.007719755172729492e-01
9.007720351219177246e-01
9.007721543312072754e-01
9.007722139358520508e-01
9.007722735404968262e-01
9.007723927497863770e-01
9.007724523544311523e-01
9.007725119590759277e-01
9.007726311683654785e-01
9.007726907730102539e-01
9.007727503776550293e-01
9.007728099822998047e-01
9.007728695869445801e-01
9.007729291915893555e-01
9.007730484008789062e-01
9.007731080055236816e-01
9.007731676101684570e-01
9.007732868194580078e-01
9.007733464241027832e-01
9.007734060287475586e-01
9.007735252380371094e-01
9.007735848426818848e-01
9.007736444473266602e-01
9.007737636566162109e-01
9.007738232612609863e-01
9.007738828659057617e-01
9.007740020751953125e-01
9.007740616798400879e-01
9.007741212844848633e-01
9.007742404937744141e-01
9.007743000984191895e-01
9.007743597030639648e-01
9.007744789123535156e-01
9.007745385169982910e-01
9.007745981216430664e-01
9.007747173309326172e-01
9.007747769355773926e-01
9.007748365402221680e-01
9.007749557495117188e-01
9.007750153541564941e-01
9.007750749588012695e-01
9.007751941680908203e-01
9.007752537727355957e-01
9.007753133773803711e-01
9.007754325866699219e-01
9.007754921913146973e-01
9.007755517959594727e-01
