5.173338963968000000e+12
-6.129754521600000000e+10
-8.919445504000000000e+09
-8.846173184000000000e+09
-3.030844928000000000e+09
-3.007924992000000000e+09
-1.441962368000000000e+09
-1.402757760000000000e+09
-8.188673280000000000e+08
-7.796236800000000000e+08
-5.184282880000000000e+08
-4.850939840000000000e+08
-3.529953280000000000e+08
-3.263198720000000000e+08
-2.531042080000000000e+08
-2.322358080000000000e+08
-1.886004640000000000e+08
-1.723891200000000000e+08
-1.447856800000000000e+08
-1.321858560000000000e+08
-1.138314080000000000e+08
-1.039952400000000000e+08
-9.126688800000000000e+07
-8.353788800000000000e+07
-7.439201600000000000e+07
-6.827207200000000000e+07
-6.150010400000000000e+07
-5.661432000000000000e+07
-5.147109200000000000e+07
-4.753773600000000000e+07
-4.354646000000000000e+07
-4.035333200000000000e+07
-3.719864000000000000e+07
-3.458518000000000000e+07
-3.205220200000000000e+07
-2.989620800000000000e+07
-2.783460200000000000e+07
-2.604243400000000000e+07
-2.434450000000000000e+07
-2.284389200000000000e+07
-2.143083800000000000e+07
-2.016561400000000000e+07
-1.897870800000000000e+07
-1.790487800000000000e+07
-1.689962200000000000e+07
-1.598248900000000000e+07
-1.512466300000000000e+07
-1.433667100000000000e+07
-1.359962400000000000e+07
-1.291873600000000000e+07
-1.228146600000000000e+07
-1.168994400000000000e+07
-1.113572900000000000e+07
-1.061920800000000000e+07
-1.013461300000000000e+07
-9.681384000000000000e+06
-9.255522000000000000e+06
-8.855991000000000000e+06
-8.479972000000000000e+06
-8.126230500000000000e+06
-7.792747500000000000e+06
-7.478242500000000000e+06
-7.181247000000000000e+06
-6.900521000000000000e+06
-6.634979500000000000e+06
-6.383464500000000000e+06
-6.145164000000000000e+06
-5.919019000000000000e+06
-5.704414500000000000e+06
-5.500394500000000000e+06
-5.306488000000000000e+06
-5.121840500000000000e+06
-4.946086000000000000e+06
-4.778464000000000000e+06
-4.618689500000000000e+06
-4.466086000000000000e+06
-4.320430000000000000e+06
-4.181121000000000000e+06
-4.047982750000000000e+06
-3.920481500000000000e+06
-3.798478250000000000e+06
-3.681498000000000000e+06
-3.569431500000000000e+06
-3.461855250000000000e+06
-3.358683250000000000e+06
-3.259536750000000000e+06
-3.164349250000000000e+06
-3.072781750000000000e+06
-2.984782250000000000e+06
-2.900046250000000000e+06
-2.818534750000000000e+06
-2.739973750000000000e+06
-2.664333750000000000e+06
-2.591367500000000000e+06
-2.521053750000000000e+06
-2.453169000000000000e+06
-2.387699000000000000e+06
-2.324440250000000000e+06
-2.263384250000000000e+06
-2.204346000000000000e+06
-2.147321750000000000e+06
-2.092142500000000000e+06
-2.038808375000000000e+06
-1.987164375000000000e+06
-1.937214125000000000e+06
-1.888815500000000000e+06
-1.841974500000000000e+06
-1.796560250000000000e+06
-1.752581250000000000e+06
-1.709916750000000000e+06
-1.668576875000000000e+06
-1.628450000000000000e+06
-1.589547875000000000e+06
-1.551766750000000000e+06
-1.515119875000000000e+06
-1.479510750000000000e+06
-1.444953500000000000e+06
-1.411358375000000000e+06
-1.378740375000000000e+06
-1.347015500000000000e+06
-1.316199625000000000e+06
-1.286214000000000000e+06
-1.257075125000000000e+06
-1.228709125000000000e+06
-1.201132875000000000e+06
-1.174276875000000000e+06
-1.148158625000000000e+06
-1.122712500000000000e+06
-1.097956250000000000e+06
-1.073827750000000000e+06
-1.050345125000000000e+06
-1.027449875000000000e+06
-1.005159812500000000e+06
-9.834196250000000000e+05
-9.622474375000000000e+05
-9.415905625000000000e+05
-9.214671875000000000e+05
-9.018273125000000000e+05
-8.826890625000000000e+05
-8.640048125000000000e+05
-8.457927500000000000e+05
-8.280073750000000000e+05
-8.106669375000000000e+05
-7.937278125000000000e+05
-7.772083125000000000e+05
-7.610666250000000000e+05
-7.453210625000000000e+05
-7.299315000000000000e+05
-7.149160625000000000e+05
-7.002363750000000000e+05
-6.859105000000000000e+05
-6.719014375000000000e+05
-6.582271875000000000e+05
-6.448520625000000000e+05
-6.317940625000000000e+05
-6.190187500000000000e+05
-6.065440000000000000e+05
-5.943365625000000000e+05
-5.824141875000000000e+05
-5.707448125000000000e+05
-5.593460000000000000e+05
-5.481866875000000000e+05
-5.372843750000000000e+05
-5.266090000000000000e+05
-5.161779062500000000e+05
-5.059619062500000000e+05
-4.959782500000000000e+05
-4.861986250000000000e+05
-4.766400937500000000e+05
-4.672752187500000000e+05
-4.581208750000000000e+05
-4.491504062500000000e+05
-4.403805312500000000e+05
-4.317853750000000000e+05
-4.233814375000000000e+05
-4.151435625000000000e+05
-4.070881250000000000e+05
-3.991905625000000000e+05
-3.914671250000000000e+05
-3.838939062500000000e+05
-3.764869687500000000e+05
-3.692230312500000000e+05
-3.621179375000000000e+05
-3.551489687500000000e+05
-3.483319062500000000e+05
-3.416445000000000000e+05
-3.351023437500000000e+05
-3.286837812500000000e+05
-3.224041562500000000e+05
-3.162424062500000000e+05
-3.102136562500000000e+05
-3.042972812500000000e+05
-2.985083125000000000e+05
-2.928265312500000000e+05
-2.872668437500000000e+05
-2.818094687500000000e+05
-2.764690937500000000e+05
-2.712264062500000000e+05
-2.660959375000000000e+05
-2.610587187500000000e+05
-2.561291562500000000e+05
-2.512887187500000000e+05
-2.465515625000000000e+05
-2.418995781250000000e+05
-2.373467656250000000e+05
-2.328753593750000000e+05
-2.284991875000000000e+05
-2.242008750000000000e+05
-2.199940625000000000e+05
-2.158617031250000000e+05
-2.118172656250000000e+05
-2.078440781250000000e+05
-2.039554375000000000e+05
-2.001349687500000000e+05
-1.963957968750000000e+05
-1.927218750000000000e+05
-1.891261875000000000e+05
-1.855929687500000000e+05
-1.821350312500000000e+05
-1.787369218750000000e+05
-1.754112656250000000e+05
-1.721429375000000000e+05
-1.689443750000000000e+05
-1.658007343750000000e+05
-1.627242812500000000e+05
-1.597004687500000000e+05
-1.567414062500000000e+05
-1.538327812500000000e+05
-1.509865625000000000e+05
-1.481887031250000000e+05
-1.454509843750000000e+05
-1.427596562500000000e+05
-1.401263125000000000e+05
-1.375374687500000000e+05
-1.350045468750000000e+05
-1.325142968750000000e+05
-1.300780078125000000e+05
-1.276826640625000000e+05
-1.253393828125000000e+05
-1.230353906250000000e+05
-1.207816562500000000e+05
-1.185656250000000000e+05
-1.163981093750000000e+05
-1.142667812500000000e+05
-1.121823046875000000e+05
-1.101325781250000000e+05
-1.081280937500000000e+05
-1.061569687500000000e+05
-1.042295546875000000e+05
-1.023341796875000000e+05
-1.004810312500000000e+05
-9.865866406250000000e+04
-9.687709375000000000e+04
-9.512509375000000000e+04
-9.341253125000000000e+04
-9.172837500000000000e+04
-9.008234375000000000e+04
-8.846360156250000000e+04
-8.688172656250000000e+04
-8.532607812500000000e+04
-8.380607031250000000e+04
-8.231128125000000000e+04
-8.085096875000000000e+04
-7.941487500000000000e+04
-7.801214843750000000e+04
-7.663270312500000000e+04
-7.528553125000000000e+04
-7.396074218750000000e+04
-7.266718750000000000e+04
-7.139515625000000000e+04
-7.015335156250000000e+04
-6.893224218750000000e+04
-6.774038281250000000e+04
-6.656842968750000000e+04
-6.542479296875000000e+04
-6.430029687500000000e+04
-6.320321875000000000e+04
-6.212455078125000000e+04
-6.107242968750000000e+04
-6.003801171875000000e+04
-5.902930859375000000e+04
-5.803763281250000000e+04
-5.707086328125000000e+04
-5.612046875000000000e+04
-5.519420312500000000e+04
-5.428368750000000000e+04
-5.339654687500000000e+04
-5.252456250000000000e+04
-5.167521875000000000e+04
-5.084045703125000000e+04
-5.002763671875000000e+04
-4.922884375000000000e+04
-4.845131250000000000e+04
-4.768727734375000000e+04
-4.694384765625000000e+04
-4.621340234375000000e+04
-4.550292578125000000e+04
-4.480494531250000000e+04
-4.412632031250000000e+04
-4.345971875000000000e+04
-4.281187890625000000e+04
-4.217560937500000000e+04
-4.155752734375000000e+04
-4.095057421875000000e+04
-4.036125781250000000e+04
-3.978264843750000000e+04
-3.922113671875000000e+04
-3.866993359375000000e+04
-3.813530468750000000e+04
-3.761058984375000000e+04
-3.710194921875000000e+04
-3.660285156250000000e+04
-3.611933984375000000e+04
-3.564500781250000000e+04
-3.518579296875000000e+04
-3.473541015625000000e+04
-3.429968359375000000e+04
-3.387245703125000000e+04
-3.345944140625000000e+04
-3.305460937500000000e+04
-3.266355859375000000e+04
-3.228037500000000000e+04
-3.191056445312500000e+04
-3.154832031250000000e+04
-3.119904296875000000e+04
-3.085704882812500000e+04
-3.052763085937500000e+04
-3.020521484375000000e+04
-2.989500000000000000e+04
-2.959151953125000000e+04
-2.929987304687500000e+04
-2.901470507812500000e+04
-2.874101367187500000e+04
-2.847355273437500000e+04
-2.821722460937500000e+04
-2.796688867187500000e+04
-2.772734765625000000e+04
-2.749357031250000000e+04
-2.727026367187500000e+04
-2.705249804687500000e+04
-2.684488867187500000e+04
-2.664260546875000000e+04
-2.645017382812500000e+04
-2.626286132812500000e+04
-2.608510351562500000e+04
-2.591226953125000000e+04
-2.574869726562500000e+04
-2.558985937500000000e+04
-2.544000390625000000e+04
-2.529469726562500000e+04
-2.515810156250000000e+04
-2.502587695312500000e+04
-2.490209765625000000e+04
-2.478252148437500000e+04
-2.467113281250000000e+04
-2.456377929687500000e+04
-2.446436718750000000e+04
-2.436883203125000000e+04
-2.428099414062500000e+04
-2.419687890625000000e+04
-2.412022851562500000e+04
-2.404715039062500000e+04
-2.398130859375000000e+04
-2.391889843750000000e+04
-2.386350000000000000e+04
-2.381139648437500000e+04
-2.376608984375000000e+04
-2.372394531250000000e+04
-2.368838476562500000e+04
-2.365586132812500000e+04
-2.362971875000000000e+04
-2.360648828125000000e+04
-2.358943945312500000e+04
-2.357518554687500000e+04
-2.356691992187500000e+04
-2.356133593750000000e+04
-2.356155078125000000e+04
-2.356433593750000000e+04
-2.357274023437500000e+04
-2.358360546875000000e+04
-2.359991406250000000e+04
-2.361858203125000000e+04
-2.364251757812500000e+04
-2.366871679687500000e+04
-2.370001367187500000e+04
-2.373347851562500000e+04
-2.377187890625000000e+04
-2.381235351562500000e+04
-2.385760546875000000e+04
-2.390484570312500000e+04
-2.395670703125000000e+04
-2.401046875000000000e+04
-2.406870312500000000e+04
-2.412875585937500000e+04
-2.419313281250000000e+04
-2.425925195312500000e+04
-2.432954882812500000e+04
-2.440151367187500000e+04
-2.447751757812500000e+04
-2.455511523437500000e+04
-2.463661718750000000e+04
-2.471964062500000000e+04
-2.480643750000000000e+04
-2.489468945312500000e+04
-2.498658398437500000e+04
-2.507986914062500000e+04
-2.517667187500000000e+04
-2.527480078125000000e+04
-2.537632812500000000e+04
-2.547911914062500000e+04
-2.558518945312500000e+04
-2.569246679687500000e+04
-2.580290625000000000e+04
-2.591449609375000000e+04
-2.602913671875000000e+04
-2.614487304687500000e+04
-2.626355273437500000e+04
-2.638327343750000000e+04
-2.650583007812500000e+04
-2.662937890625000000e+04
-2.675566015625000000e+04
-2.688288476562500000e+04
-2.701274023437500000e+04
-2.714349414062500000e+04
-2.727677734375000000e+04
-2.741091601562500000e+04
-2.754748828125000000e+04
-2.768487109375000000e+04
-2.782459570312500000e+04
-2.796508984375000000e+04
-2.810783398437500000e+04
-2.825130859375000000e+04
-2.839694140625000000e+04
-2.854326953125000000e+04
-2.869166992187500000e+04
-2.884072460937500000e+04
-2.899176953125000000e+04
-2.914343554687500000e+04
-2.929700781250000000e+04
-2.945116601562500000e+04
-2.960715234375000000e+04
-2.976369140625000000e+04
-2.992198046875000000e+04
-3.008079101562500000e+04
-3.024127539062500000e+04
-3.040225195312500000e+04
-3.056482812500000000e+04
-3.072786718750000000e+04
-3.089243164062500000e+04
-3.105743359375000000e+04
-3.122389257812500000e+04
-3.139075976562500000e+04
-3.155901562500000000e+04
-3.172765625000000000e+04
-3.189761523437500000e+04
-3.206793554687500000e+04
-3.223951171875000000e+04
-3.241142578125000000e+04
-3.258452929687500000e+04
-3.275794921875000000e+04
-3.293249609375000000e+04
-3.310733984375000000e+04
-3.328325390625000000e+04
-3.345943750000000000e+04
-3.363663281250000000e+04
-3.381408593750000000e+04
-3.399248437500000000e+04
-3.417112500000000000e+04
-3.435066015625000000e+04
-3.453041406250000000e+04
-3.471100781250000000e+04
-3.489180468750000000e+04
-3.507338671875000000e+04
-3.525516015625000000e+04
-3.543766406250000000e+04
-3.562034375000000000e+04
-3.580370703125000000e+04
-3.598722656250000000e+04
-3.617137890625000000e+04
-3.635567968750000000e+04
-3.654056250000000000e+04
-3.672557812500000000e+04
-3.691113281250000000e+04
-3.709680468750000000e+04
-3.728297265625000000e+04
-3.746924609375000000e+04
-3.765596875000000000e+04
-3.784278906250000000e+04
-3.803001171875000000e+04
-3.821732031250000000e+04
-3.840499218750000000e+04
-3.859274218750000000e+04
-3.878080859375000000e+04
-3.896894531250000000e+04
-3.915735937500000000e+04
-3.934583203125000000e+04
-3.953454687500000000e+04
-3.972331250000000000e+04
-3.991227734375000000e+04
-4.010128906250000000e+04
-4.029046093750000000e+04
-4.047966796875000000e+04
-4.066900781250000000e+04
-4.085837109375000000e+04
-4.104782812500000000e+04
-4.123730859375000000e+04
-4.142684375000000000e+04
-4.161639843750000000e+04
-4.180597656250000000e+04
-4.199556250000000000e+04
-4.218514453125000000e+04
-4.237472656250000000e+04
-4.256426953125000000e+04
-4.275381640625000000e+04
-4.294328906250000000e+04
-4.313275781250000000e+04
-4.332212109375000000e+04
-4.351148046875000000e+04
-4.370070703125000000e+04
-4.388992187500000000e+04
-4.407897265625000000e+04
-4.426801171875000000e+04
-4.445686328125000000e+04
-4.464569140625000000e+04
-4.483430859375000000e+04
-4.502290234375000000e+04
-4.521125390625000000e+04
-4.539958203125000000e+04
-4.558764062500000000e+04
-4.577567187500000000e+04
-4.596341015625000000e+04
-4.615112109375000000e+04
-4.633851562500000000e+04
-4.652587890625000000e+04
-4.671289843750000000e+04
-4.689988671875000000e+04
-4.708651171875000000e+04
-4.727310546875000000e+04
-4.745930468750000000e+04
-4.764547656250000000e+04
-4.783123437500000000e+04
-4.801696093750000000e+04
-4.820225390625000000e+04
-4.838751562500000000e+04
-4.857232031250000000e+04
-4.875709375000000000e+04
-4.894139062500000000e+04
-4.912565625000000000e+04
-4.930942578125000000e+04
-4.949316406250000000e+04
-4.967638281250000000e+04
-4.985957421875000000e+04
-5.004223046875000000e+04
-5.022485546875000000e+04
-5.040692968750000000e+04
-5.058897265625000000e+04
-5.077044531250000000e+04
-5.095188671875000000e+04
-5.113274218750000000e+04
-5.131357031250000000e+04
-5.149378906250000000e+04
-5.167398828125000000e+04
-5.185355859375000000e+04
-5.203310937500000000e+04
-5.221201953125000000e+04
-5.239091015625000000e+04
-5.256914062500000000e+04
-5.274735546875000000e+04
-5.292489843750000000e+04
-5.310242578125000000e+04
-5.327926171875000000e+04
-5.345608593750000000e+04
-5.363221093750000000e+04
-5.380832031250000000e+04
-5.398371875000000000e+04
-5.415910156250000000e+04
-5.433376171875000000e+04
-5.450841015625000000e+04
-5.468231640625000000e+04
-5.485621875000000000e+04
-5.502936328125000000e+04
-5.520250781250000000e+04
-5.537488281250000000e+04
-5.554726171875000000e+04
-5.571885937500000000e+04
-5.589045703125000000e+04
-5.606126562500000000e+04
-5.623208203125000000e+04
-5.640208984375000000e+04
-5.657210937500000000e+04
-5.674131640625000000e+04
-5.691053125000000000e+04
-5.707892187500000000e+04
-5.724733203125000000e+04
-5.741490234375000000e+04
-5.758249218750000000e+04
-5.774923437500000000e+04
-5.791600000000000000e+04
-5.808190625000000000e+04
-5.824783984375000000e+04
-5.841290625000000000e+04
-5.857800390625000000e+04
-5.874222265625000000e+04
-5.890647656250000000e+04
-5.906984375000000000e+04
-5.923324609375000000e+04
-5.939575781250000000e+04
-5.955830859375000000e+04
-5.971995312500000000e+04
-5.988164453125000000e+04
-6.004242187500000000e+04
-6.020325000000000000e+04
-6.036315625000000000e+04
-6.052311718750000000e+04
-6.068214843750000000e+04
-6.084123437500000000e+04
-6.099938671875000000e+04
-6.115759765625000000e+04
-6.131486718750000000e+04
-6.147219921875000000e+04
-6.162857812500000000e+04
-6.178503125000000000e+04
-6.194051953125000000e+04
-6.209608593750000000e+04
-6.225068359375000000e+04
-6.240535937500000000e+04
-6.255906640625000000e+04
-6.271285156250000000e+04
-6.286565625000000000e+04
-6.301855078125000000e+04
-6.317045703125000000e+04
-6.332245703125000000e+04
-6.347346093750000000e+04
-6.362456250000000000e+04
-6.377466796875000000e+04
-6.392487109375000000e+04
-6.407407031250000000e+04
-6.422337500000000000e+04
-6.437166796875000000e+04
-6.452007031250000000e+04
-6.466746093750000000e+04
-6.481496093750000000e+04
-6.496144531250000000e+04
-6.510804296875000000e+04
-6.525361718750000000e+04
-6.539930859375000000e+04
-6.554397656250000000e+04
-6.568876562500000000e+04
-6.583252343750000000e+04
-6.597641406250000000e+04
-6.611926562500000000e+04
-6.626225000000000000e+04
-6.640418750000000000e+04
-6.654626562500000000e+04
-6.668730468750000000e+04
-6.682847656250000000e+04
-6.696860156250000000e+04
-6.710887500000000000e+04
-6.724809375000000000e+04
-6.738746875000000000e+04
-6.752578125000000000e+04
-6.766425000000000000e+04
-6.780165625000000000e+04
-6.793921875000000000e+04
-6.807572656250000000e+04
-6.821239062500000000e+04
-6.834799218750000000e+04
-6.848375781250000000e+04
-6.861845312500000000e+04
-6.875332031250000000e+04
-6.888711718750000000e+04
-6.902109375000000000e+04
-6.915398437500000000e+04
-6.928706250000000000e+04
-6.941906250000000000e+04
-6.955125000000000000e+04
-6.968235156250000000e+04
-6.981364062500000000e+04
-6.994385156250000000e+04
-7.007425000000000000e+04
-7.020356250000000000e+04
-7.033307812500000000e+04
-7.046150000000000000e+04
-7.059013281250000000e+04
-7.071766406250000000e+04
-7.084540625000000000e+04
-7.097205468750000000e+04
-7.109891406250000000e+04
-7.122467968750000000e+04
-7.135066406250000000e+04
-7.147554687500000000e+04
-7.160064843750000000e+04
-7.172465625000000000e+04
-7.184888281250000000e+04
-7.197200781250000000e+04
-7.209535937500000000e+04
-7.221761718750000000e+04
-7.234010156250000000e+04
-7.246148437500000000e+04
-7.258310156250000000e+04
-7.270361718750000000e+04
-7.282436718750000000e+04
-7.294401562500000000e+04
-7.306389843750000000e+04
-7.318268750000000000e+04
-7.330171875000000000e+04
-7.341964062500000000e+04
-7.353781250000000000e+04
-7.365488281250000000e+04
-7.377220312500000000e+04
-7.388841406250000000e+04
-7.400488281250000000e+04
-7.412025000000000000e+04
-7.423586718750000000e+04
-7.435038281250000000e+04
-7.446516406250000000e+04
-7.457883593750000000e+04
-7.469277343750000000e+04
-7.480560156250000000e+04
-7.491869531250000000e+04
-7.503068750000000000e+04
-7.514295312500000000e+04
-7.525410937500000000e+04
-7.536554687500000000e+04
-7.547586718750000000e+04
-7.558647656250000000e+04
-7.569596875000000000e+04
-7.580575000000000000e+04
-7.591442187500000000e+04
-7.602338281250000000e+04
-7.613123437500000000e+04
-7.623938281250000000e+04
-7.634641406250000000e+04
-7.645374218750000000e+04
-7.655996093750000000e+04
-7.666648437500000000e+04
-7.677189062500000000e+04
-7.687760937500000000e+04
-7.698221093750000000e+04
-7.708711718750000000e+04
-7.719091406250000000e+04
-7.729503125000000000e+04
-7.739803125000000000e+04
-7.750134375000000000e+04
-7.760354687500000000e+04
-7.770607031250000000e+04
-7.780748437500000000e+04
-7.790921875000000000e+04
-7.800984375000000000e+04
-7.811079687500000000e+04
-7.821063281250000000e+04
-7.831080468750000000e+04
-7.840986718750000000e+04
-7.850925781250000000e+04
-7.860753906250000000e+04
-7.870616406250000000e+04
-7.880367187500000000e+04
-7.890152343750000000e+04
-7.899826562500000000e+04
-7.909535156250000000e+04
-7.919132812500000000e+04
-7.928764843750000000e+04
-7.938286718750000000e+04
-7.947842968750000000e+04
-7.957289062500000000e+04
-7.966770312500000000e+04
-7.976140625000000000e+04
-7.985546875000000000e+04
-7.994842968750000000e+04
-8.004174218750000000e+04
-8.013395312500000000e+04
-8.022652343750000000e+04
-8.031800000000000000e+04
-8.040983593750000000e+04
-8.050056250000000000e+04
-8.059166406250000000e+04
-8.068166406250000000e+04
-8.077203125000000000e+04
-8.086130468750000000e+04
-8.095094531250000000e+04
-8.103949218750000000e+04
-8.112841406250000000e+04
-8.121623437500000000e+04
-8.130443750000000000e+04
-8.139154687500000000e+04
-8.147903125000000000e+04
-8.156542968750000000e+04
-8.165220312500000000e+04
-8.173788281250000000e+04
-8.182396093750000000e+04
-8.190893750000000000e+04
-8.199430468750000000e+04
-8.207857812500000000e+04
-8.216325000000000000e+04
-8.224682812500000000e+04
-8.233080468750000000e+04
-8.241368750000000000e+04
-8.249696875000000000e+04
-8.257916406250000000e+04
-8.266176562500000000e+04
-8.274327343750000000e+04
-8.282518750000000000e+04
-8.290601562500000000e+04
-8.298725000000000000e+04
-8.306739843750000000e+04
-8.314796093750000000e+04
-8.322743750000000000e+04
-8.330732812500000000e+04
-8.338613281250000000e+04
-8.346535937500000000e+04
-8.354350000000000000e+04
-8.362206250000000000e+04
-8.369953906250000000e+04
-8.377743750000000000e+04
-8.385425781250000000e+04
-8.393150781250000000e+04
-8.400767187500000000e+04
-8.408426562500000000e+04
-8.415978906250000000e+04
-8.423573437500000000e+04
-8.431060937500000000e+04
-8.438590625000000000e+04
-8.446014062500000000e+04
-8.453480468750000000e+04
-8.460839843750000000e+04
-8.468242187500000000e+04
-8.475538281250000000e+04
-8.482878125000000000e+04
-8.490110937500000000e+04
-8.497387500000000000e+04
-8.504557812500000000e+04
-8.511771875000000000e+04
-8.518879687500000000e+04
-8.526032031250000000e+04
-8.533078125000000000e+04
-8.540169531250000000e+04
-8.547153906250000000e+04
-8.554183593750000000e+04
-8.561107031250000000e+04
-8.568075000000000000e+04
-8.574938281250000000e+04
-8.581846093750000000e+04
-8.588648437500000000e+04
-8.595496875000000000e+04
-8.602239062500000000e+04
-8.609027343750000000e+04
-8.615710156250000000e+04
-8.622439062500000000e+04
-8.629063281250000000e+04
-8.635732812500000000e+04
-8.642297656250000000e+04
-8.648909375000000000e+04
-8.655415625000000000e+04
-8.661968750000000000e+04
-8.668417187500000000e+04
-8.674912500000000000e+04
-8.681303125000000000e+04
-8.687740625000000000e+04
-8.694074218750000000e+04
-8.700454687500000000e+04
-8.706731250000000000e+04
-8.713055468750000000e+04
-8.719275000000000000e+04
-8.725542187500000000e+04
-8.731706250000000000e+04
-8.737917187500000000e+04
-8.744025781250000000e+04
-8.750181250000000000e+04
-8.756233593750000000e+04
-8.762333593750000000e+04
-8.768331250000000000e+04
-8.774376562500000000e+04
-8.780318750000000000e+04
-8.786310156250000000e+04
-8.792198437500000000e+04
-8.798134375000000000e+04
-8.803968750000000000e+04
-8.809851562500000000e+04
-8.815632031250000000e+04
-8.821460937500000000e+04
-8.827188281250000000e+04
-8.832964062500000000e+04
-8.838638281250000000e+04
-8.844361718750000000e+04
-8.849982812500000000e+04
-8.855653906250000000e+04
-8.861222656250000000e+04
-8.866841406250000000e+04
-8.872358593750000000e+04
-8.877925781250000000e+04
-8.883391406250000000e+04
-8.888907031250000000e+04
-8.894321093750000000e+04
-8.899785937500000000e+04
-8.905149218750000000e+04
-8.910562500000000000e+04
-8.915875781250000000e+04
-8.921239062500000000e+04
-8.926501562500000000e+04
-8.931814843750000000e+04
-8.937027343750000000e+04
-8.942291406250000000e+04
-8.947454687500000000e+04
-8.952668750000000000e+04
-8.957782812500000000e+04
-8.962947656250000000e+04
-8.968012500000000000e+04
-8.973128906250000000e+04
-8.978145312500000000e+04
-8.983213281250000000e+04
-8.988182031250000000e+04
-8.993201562500000000e+04
-8.998121875000000000e+04
-9.003093750000000000e+04
-9.007967187500000000e+04
-9.012891406250000000e+04
-9.017717187500000000e+04
-9.022594531250000000e+04
-9.027373437500000000e+04
-9.032203906250000000e+04
-9.036936718750000000e+04
-9.041720312500000000e+04
-9.046407031250000000e+04
-9.051144531250000000e+04
-9.055784375000000000e+04
-9.060476562500000000e+04
-9.065071093750000000e+04
-9.069717968750000000e+04
-9.074267187500000000e+04
-9.078867968750000000e+04
-9.083372656250000000e+04
-9.087928906250000000e+04
-9.092388281250000000e+04
-9.096900000000000000e+04
-9.101314843750000000e+04
-9.105782812500000000e+04
-9.110153125000000000e+04
-9.114576562500000000e+04
-9.118903906250000000e+04
-9.123283593750000000e+04
-9.127567187500000000e+04
-9.131903906250000000e+04
-9.136144531250000000e+04
-9.140437500000000000e+04
-9.144635156250000000e+04
-9.148885937500000000e+04
-9.153040625000000000e+04
-9.157249218750000000e+04
-9.161361718750000000e+04
-9.165527343750000000e+04
-9.169598437500000000e+04
-9.173721875000000000e+04
-9.177750781250000000e+04
-9.181833593750000000e+04
-9.185821093750000000e+04
-9.189861718750000000e+04
-9.193808593750000000e+04
-9.197808593750000000e+04
-9.201714062500000000e+04
-9.205673437500000000e+04
-9.209538281250000000e+04
-9.213457031250000000e+04
-9.217282031250000000e+04
-9.221160156250000000e+04
-9.224945312500000000e+04
-9.228783593750000000e+04
-9.232528906250000000e+04
-9.236328125000000000e+04
-9.240033593750000000e+04
-9.243792968750000000e+04
-9.247460156250000000e+04
-9.251180468750000000e+04
-9.254807812500000000e+04
-9.258489843750000000e+04
-9.262078906250000000e+04
-9.265721875000000000e+04
-9.269272656250000000e+04
-9.272878125000000000e+04
-9.276390625000000000e+04
-9.279957031250000000e+04
-9.283432031250000000e+04
-9.286961718750000000e+04
-9.290398437500000000e+04
-9.293890625000000000e+04
-9.297290625000000000e+04
-9.300745312500000000e+04
-9.304108593750000000e+04
-9.307525781250000000e+04
-9.310852343750000000e+04
-9.314232812500000000e+04
-9.317522656250000000e+04
-9.320867187500000000e+04
-9.324121093750000000e+04
-9.327429687500000000e+04
-9.330646875000000000e+04
-9.333919531250000000e+04
-9.337101562500000000e+04
-9.340338281250000000e+04
-9.343485156250000000e+04
-9.346686718750000000e+04
