5.174604070912000000e+12
-6.116612915200000000e+10
-8.671354880000000000e+09
-8.728630272000000000e+09
-2.901069824000000000e+09
-2.960019968000000000e+09
-1.386305920000000000e+09
-1.396682880000000000e+09
-8.106459520000000000e+08
-7.972680960000000000e+08
-5.353040320000000000e+08
-5.145227840000000000e+08
-3.818066560000000000e+08
-3.609139840000000000e+08
-2.870008640000000000e+08
-2.685720640000000000e+08
-2.241604960000000000e+08
-2.087420800000000000e+08
-1.803165440000000000e+08
-1.676938080000000000e+08
-1.484970080000000000e+08
-1.382329920000000000e+08
-1.246590000000000000e+08
-1.163047840000000000e+08
-1.063216880000000000e+08
-9.948692000000000000e+07
-9.189494400000000000e+07
-8.626236000000000000e+07
-8.032326400000000000e+07
-7.564288800000000000e+07
-7.088527200000000000e+07
-6.696278000000000000e+07
-6.307531200000000000e+07
-5.976031600000000000e+07
-5.653092400000000000e+07
-5.370690000000000000e+07
-5.098694800000000000e+07
-4.856322000000000000e+07
-4.624578400000000000e+07
-4.415133200000000000e+07
-4.215762800000000000e+07
-4.033639600000000000e+07
-3.860710800000000000e+07
-3.701448400000000000e+07
-3.550405200000000000e+07
-3.410420800000000000e+07
-3.277701600000000000e+07
-3.154093600000000000e+07
-3.036869800000000000e+07
-2.927266800000000000e+07
-2.823259400000000000e+07
-2.725707200000000000e+07
-2.633057000000000000e+07
-2.545932400000000000e+07
-2.463105000000000000e+07
-2.385049600000000000e+07
-2.310766400000000000e+07
-2.240634400000000000e+07
-2.173820800000000000e+07
-2.110640600000000000e+07
-2.050385600000000000e+07
-1.993327600000000000e+07
-1.938853800000000000e+07
-1.887206000000000000e+07
-1.837846600000000000e+07
-1.790994600000000000e+07
-1.746173200000000000e+07
-1.703584600000000000e+07
-1.662802000000000000e+07
-1.624013400000000000e+07
-1.586834000000000000e+07
-1.551440600000000000e+07
-1.517483900000000000e+07
-1.485130600000000000e+07
-1.454062300000000000e+07
-1.424436900000000000e+07
-1.395962800000000000e+07
-1.368789900000000000e+07
-1.342650100000000000e+07
-1.317686000000000000e+07
-1.293650500000000000e+07
-1.270679200000000000e+07
-1.248543600000000000e+07
-1.227373000000000000e+07
-1.206955700000000000e+07
-1.187414900000000000e+07
-1.168553800000000000e+07
-1.150490100000000000e+07
-1.133040600000000000e+07
-1.116317500000000000e+07
-1.100150000000000000e+07
-1.084645300000000000e+07
-1.069643800000000000e+07
-1.055247900000000000e+07
-1.041308100000000000e+07
-1.027922400000000000e+07
-1.014950700000000000e+07
-1.002486500000000000e+07
-9.903983000000000000e+06
-9.787757000000000000e+06
-9.674951000000000000e+06
-9.566420000000000000e+06
-9.461002000000000000e+06
-9.359515000000000000e+06
-9.260862000000000000e+06
-9.165829000000000000e+06
-9.073380000000000000e+06
-8.984267000000000000e+06
-8.897512000000000000e+06
-8.813835000000000000e+06
-8.732311000000000000e+06
-8.653631000000000000e+06
-8.576918000000000000e+06
-8.502835000000000000e+06
-8.430551000000000000e+06
-8.360701000000000000e+06
-8.292498000000000000e+06
-8.226551000000000000e+06
-8.162112500000000000e+06
-8.099767000000000000e+06
-8.038803500000000000e+06
-7.979783500000000000e+06
-7.922031500000000000e+06
-7.866086500000000000e+06
-7.811305000000000000e+06
-7.758205000000000000e+06
-7.706173000000000000e+06
-7.655707500000000000e+06
-7.606224000000000000e+06
-7.558201000000000000e+06
-7.511081000000000000e+06
-7.465323500000000000e+06
-7.420397000000000000e+06
-7.376744500000000000e+06
-7.333856500000000000e+06
-7.292159000000000000e+06
-7.251166500000000000e+06
-7.211289000000000000e+06
-7.172060500000000000e+06
-7.133877000000000000e+06
-7.096292500000000000e+06
-7.059687500000000000e+06
-7.023635500000000000e+06
-6.988503000000000000e+06
-6.953881000000000000e+06
-6.920123500000000000e+06
-6.886837500000000000e+06
-6.854364500000000000e+06
-6.822327500000000000e+06
-6.791055500000000000e+06
-6.760187500000000000e+06
-6.730040000000000000e+06
-6.700266500000000000e+06
-6.671172500000000000e+06
-6.642425000000000000e+06
-6.614319000000000000e+06
-6.586534500000000000e+06
-6.559355500000000000e+06
-6.532475000000000000e+06
-6.506167500000000000e+06
-6.480136500000000000e+06
-6.454648000000000000e+06
-6.429416500000000000e+06
-6.404698500000000000e+06
-6.380220000000000000e+06
-6.356228500000000000e+06
-6.332459000000000000e+06
-6.309152500000000000e+06
-6.286052500000000000e+06
-6.263392000000000000e+06
-6.240924000000000000e+06
-6.218874000000000000e+06
-6.197003500000000000e+06
-6.175530500000000000e+06
-6.154225000000000000e+06
-6.133298000000000000e+06
-6.112528000000000000e+06
-6.092118500000000000e+06
-6.071855500000000000e+06
-6.051936500000000000e+06
-6.032155000000000000e+06
-6.012701500000000000e+06
-5.993377000000000000e+06
-5.974366000000000000e+06
-5.955475500000000000e+06
-5.936885000000000000e+06
-5.918408000000000000e+06
-5.900217500000000000e+06
-5.882134000000000000e+06
-5.864325000000000000e+06
-5.846616500000000000e+06
-5.829171500000000000e+06
-5.811820500000000000e+06
-5.794722500000000000e+06
-5.777713500000000000e+06
-5.760947000000000000e+06
-5.744265000000000000e+06
-5.727815500000000000e+06
-5.711446000000000000e+06
-5.695300000000000000e+06
-5.679230000000000000e+06
-5.663375000000000000e+06
-5.647591500000000000e+06
-5.632015500000000000e+06
-5.616507500000000000e+06
-5.601199000000000000e+06
-5.585955000000000000e+06
-5.570904000000000000e+06
-5.555914500000000000e+06
-5.541110500000000000e+06
-5.526365000000000000e+06
-5.511799000000000000e+06
-5.497289500000000000e+06
-5.482952500000000000e+06
-5.468669500000000000e+06
-5.454554000000000000e+06
-5.440489500000000000e+06
-5.426587000000000000e+06
-5.412734000000000000e+06
-5.399037500000000000e+06
-5.385388500000000000e+06
-5.371891000000000000e+06
-5.358439000000000000e+06
-5.345134500000000000e+06
-5.331873500000000000e+06
-5.318755000000000000e+06
-5.305679000000000000e+06
-5.292741000000000000e+06
-5.279844000000000000e+06
-5.267081000000000000e+06
-5.254358000000000000e+06
-5.241765000000000000e+06
-5.229210000000000000e+06
-5.216782000000000000e+06
-5.204391500000000000e+06
-5.192123500000000000e+06
-5.179892000000000000e+06
-5.167780000000000000e+06
-5.155703000000000000e+06
-5.143743000000000000e+06
-5.131816500000000000e+06
-5.120004000000000000e+06
-5.108224500000000000e+06
-5.096555500000000000e+06
-5.084919000000000000e+06
-5.073390000000000000e+06
-5.061893000000000000e+06
-5.050501000000000000e+06
-5.039140000000000000e+06
-5.027881500000000000e+06
-5.016653000000000000e+06
-5.005524500000000000e+06
-4.994426000000000000e+06
-4.983425000000000000e+06
-4.972453000000000000e+06
-4.961576500000000000e+06
-4.950728500000000000e+06
-4.939973000000000000e+06
-4.929246500000000000e+06
-4.918610500000000000e+06
-4.908002000000000000e+06
-4.897482500000000000e+06
-4.886990500000000000e+06
-4.876585000000000000e+06
-4.866206500000000000e+06
-4.855913000000000000e+06
-4.845646000000000000e+06
-4.835462000000000000e+06
-4.825304000000000000e+06
-4.815227500000000000e+06
-4.805177000000000000e+06
-4.795205500000000000e+06
-4.785260000000000000e+06
-4.775392000000000000e+06
-4.765549500000000000e+06
-4.755783500000000000e+06
-4.746042500000000000e+06
-4.736376000000000000e+06
-4.726734000000000000e+06
-4.717165500000000000e+06
-4.707621000000000000e+06
-4.698149000000000000e+06
-4.688700500000000000e+06
-4.679322500000000000e+06
-4.669969000000000000e+06
-4.660684000000000000e+06
-4.651423000000000000e+06
-4.642229500000000000e+06
-4.633059500000000000e+06
-4.623956000000000000e+06
-4.614876000000000000e+06
-4.605861000000000000e+06
-4.596869000000000000e+06
-4.587941000000000000e+06
-4.579036000000000000e+06
-4.570194000000000000e+06
-4.561374500000000000e+06
-4.552616500000000000e+06
-4.543881000000000000e+06
-4.535206500000000000e+06
-4.526554000000000000e+06
-4.517961500000000000e+06
-4.509390500000000000e+06
-4.500878500000000000e+06
-4.492388500000000000e+06
-4.483955500000000000e+06
-4.475544500000000000e+06
-4.467190500000000000e+06
-4.458857500000000000e+06
-4.450580500000000000e+06
-4.442324500000000000e+06
-4.434123500000000000e+06
-4.425943500000000000e+06
-4.417817500000000000e+06
-4.409712500000000000e+06
-4.401660500000000000e+06
-4.393629000000000000e+06
-4.385650000000000000e+06
-4.377691500000000000e+06
-4.369784500000000000e+06
-4.361898000000000000e+06
-4.354062000000000000e+06
-4.346246000000000000e+06
-4.338480000000000000e+06
-4.330734000000000000e+06
-4.323037000000000000e+06
-4.315360500000000000e+06
-4.307731500000000000e+06
-4.300122500000000000e+06
-4.292561000000000000e+06
-4.285019500000000000e+06
-4.277524500000000000e+06
-4.270049000000000000e+06
-4.262619500000000000e+06
-4.255209500000000000e+06
-4.247844500000000000e+06
-4.240499500000000000e+06
-4.233198500000000000e+06
-4.225917000000000000e+06
-4.218679000000000000e+06
-4.211460500000000000e+06
-4.204285000000000000e+06
-4.197128500000000000e+06
-4.190014500000000000e+06
-4.182919500000000000e+06
-4.175866250000000000e+06
-4.168831750000000000e+06
-4.161838500000000000e+06
-4.154864000000000000e+06
-4.147930000000000000e+06
-4.141014500000000000e+06
-4.134139250000000000e+06
-4.127282250000000000e+06
-4.120464500000000000e+06
-4.113665250000000000e+06
-4.106904750000000000e+06
-4.100162500000000000e+06
-4.093458500000000000e+06
-4.086772500000000000e+06
-4.080124250000000000e+06
-4.073493750000000000e+06
-4.066900500000000000e+06
-4.060325250000000000e+06
-4.053786500000000000e+06
-4.047265250000000000e+06
-4.040780250000000000e+06
-4.034312750000000000e+06
-4.027881000000000000e+06
-4.021466500000000000e+06
-4.015087250000000000e+06
-4.008725250000000000e+06
-4.002398000000000000e+06
-3.996087500000000000e+06
-3.989811500000000000e+06
-3.983552500000000000e+06
-3.977327000000000000e+06
-3.971118500000000000e+06
-3.964943250000000000e+06
-3.958784750000000000e+06
-3.952659000000000000e+06
-3.946549750000000000e+06
-3.940473000000000000e+06
-3.934412750000000000e+06
-3.928384250000000000e+06
-3.922372250000000000e+06
-3.916391500000000000e+06
-3.910427250000000000e+06
-3.904494000000000000e+06
-3.898576750000000000e+06
-3.892690250000000000e+06
-3.886819500000000000e+06
-3.880979250000000000e+06
-3.875154750000000000e+06
-3.869360000000000000e+06
-3.863581000000000000e+06
-3.857831500000000000e+06
-3.852097750000000000e+06
-3.846392750000000000e+06
-3.840703500000000000e+06
-3.835042750000000000e+06
-3.829397250000000000e+06
-3.823780250000000000e+06
-3.818178500000000000e+06
-3.812604500000000000e+06
-3.807045750000000000e+06
-3.801514500000000000e+06
-3.795998250000000000e+06
-3.790509000000000000e+06
-3.785035000000000000e+06
-3.779587500000000000e+06
-3.774155000000000000e+06
-3.768748750000000000e+06
-3.763357500000000000e+06
-3.757992000000000000e+06
-3.752641250000000000e+06
-3.747316250000000000e+06
-3.742005750000000000e+06
-3.736720750000000000e+06
-3.731449750000000000e+06
-3.726204250000000000e+06
-3.720972750000000000e+06
-3.715766000000000000e+06
-3.710573500000000000e+06
-3.705405500000000000e+06
-3.700251250000000000e+06
-3.695121500000000000e+06
-3.690005250000000000e+06
-3.684913250000000000e+06
-3.679834750000000000e+06
-3.674779750000000000e+06
-3.669738500000000000e+06
-3.664720500000000000e+06
-3.659716250000000000e+06
-3.654734750000000000e+06
-3.649766500000000000e+06
-3.644821250000000000e+06
-3.639889250000000000e+06
-3.634979500000000000e+06
-3.630083000000000000e+06
-3.625208750000000000e+06
-3.620347500000000000e+06
-3.615508250000000000e+06
-3.610681750000000000e+06
-3.605877000000000000e+06
-3.601085000000000000e+06
-3.596314250000000000e+06
-3.591556250000000000e+06
-3.586819500000000000e+06
-3.582095250000000000e+06
-3.577392000000000000e+06
-3.572701000000000000e+06
-3.568030750000000000e+06
-3.563373000000000000e+06
-3.558735500000000000e+06
-3.554110000000000000e+06
-3.549505000000000000e+06
-3.544912000000000000e+06
-3.540338750000000000e+06
-3.535777750000000000e+06
-3.531236250000000000e+06
-3.526706750000000000e+06
-3.522196750000000000e+06
-3.517698500000000000e+06
-3.513219500000000000e+06
-3.508752000000000000e+06
-3.504303750000000000e+06
-3.499867000000000000e+06
-3.495449000000000000e+06
-3.491042500000000000e+06
-3.486654500000000000e+06
-3.482278000000000000e+06
-3.477919500000000000e+06
-3.473572750000000000e+06
-3.469243750000000000e+06
-3.464926250000000000e+06
-3.460626250000000000e+06
-3.456337750000000000e+06
-3.452066750000000000e+06
-3.447806750000000000e+06
-3.443564250000000000e+06
-3.439332750000000000e+06
-3.435118250000000000e+06
-3.430914750000000000e+06
-3.426728250000000000e+06
-3.422552750000000000e+06
-3.418393750000000000e+06
-3.414245500000000000e+06
-3.410114000000000000e+06
-3.405993000000000000e+06
-3.401888500000000000e+06
-3.397794250000000000e+06
-3.393716500000000000e+06
-3.389649000000000000e+06
-3.385597750000000000e+06
-3.381556750000000000e+06
-3.377531500000000000e+06
-3.373516500000000000e+06
-3.369517250000000000e+06
-3.365528250000000000e+06
-3.361554500000000000e+06
-3.357591000000000000e+06
-3.353642750000000000e+06
-3.349704250000000000e+06
-3.345781250000000000e+06
-3.341868000000000000e+06
-3.337969750000000000e+06
-3.334081250000000000e+06
-3.330207500000000000e+06
-3.326343500000000000e+06
-3.322494000000000000e+06
-3.318654250000000000e+06
-3.314829250000000000e+06
-3.311013500000000000e+06
-3.307212000000000000e+06
-3.303420000000000000e+06
-3.299642250000000000e+06
-3.295873750000000000e+06
-3.292119500000000000e+06
-3.288374250000000000e+06
-3.284643000000000000e+06
-3.280921000000000000e+06
-3.277212500000000000e+06
-3.273513250000000000e+06
-3.269827500000000000e+06
-3.266150750000000000e+06
-3.262487500000000000e+06
-3.258833000000000000e+06
-3.255192000000000000e+06
-3.251559750000000000e+06
-3.247940750000000000e+06
-3.244330250000000000e+06
-3.240733000000000000e+06
-3.237144250000000000e+06
-3.233568500000000000e+06
-3.230001500000000000e+06
-3.226447000000000000e+06
-3.222901000000000000e+06
-3.219367500000000000e+06
-3.215842750000000000e+06
-3.212330250000000000e+06
-3.208826250000000000e+06
-3.205334500000000000e+06
-3.201851000000000000e+06
-3.198379750000000000e+06
-3.194916750000000000e+06
-3.191465750000000000e+06
-3.188022750000000000e+06
-3.184592000000000000e+06
-3.181169000000000000e+06
-3.177758000000000000e+06
-3.174355000000000000e+06
-3.170963750000000000e+06
-3.167580250000000000e+06
-3.164208500000000000e+06
-3.160844500000000000e+06
-3.157492000000000000e+06
-3.154147250000000000e+06
-3.150813750000000000e+06
-3.147488250000000000e+06
-3.144173500000000000e+06
-3.140866750000000000e+06
-3.137571000000000000e+06
-3.134283000000000000e+06
-3.131005750000000000e+06
-3.127736000000000000e+06
-3.124477250000000000e+06
-3.121225750000000000e+06
-3.117985250000000000e+06
-3.114752000000000000e+06
-3.111529500000000000e+06
-3.108314250000000000e+06
-3.105109500000000000e+06
-3.101912000000000000e+06
-3.098724750000000000e+06
-3.095545000000000000e+06
-3.092375500000000000e+06
-3.089213000000000000e+06
-3.086060750000000000e+06
-3.082915750000000000e+06
-3.079780500000000000e+06
-3.076652500000000000e+06
-3.073534500000000000e+06
-3.070423500000000000e+06
-3.067322250000000000e+06
-3.064228000000000000e+06
-3.061143500000000000e+06
-3.058065750000000000e+06
-3.054997750000000000e+06
-3.051936500000000000e+06
-3.048885000000000000e+06
-3.045840000000000000e+06
-3.042804750000000000e+06
-3.039776000000000000e+06
-3.036756500000000000e+06
-3.033744000000000000e+06
-3.030740500000000000e+06
-3.027743500000000000e+06
-3.024756000000000000e+06
-3.021774750000000000e+06
-3.018802750000000000e+06
-3.015837250000000000e+06
-3.012880500000000000e+06
-3.009930250000000000e+06
-3.006989000000000000e+06
-3.004054250000000000e+06
-3.001128000000000000e+06
-2.998208250000000000e+06
-2.995297250000000000e+06
-2.992392500000000000e+06
-2.989496250000000000e+06
-2.986606500000000000e+06
-2.983725000000000000e+06
-2.980849750000000000e+06
-2.977983000000000000e+06
-2.975122250000000000e+06
-2.972270000000000000e+06
-2.969424000000000000e+06
-2.966586000000000000e+06
-2.963754000000000000e+06
-2.960930500000000000e+06
-2.958112750000000000e+06
-2.955303000000000000e+06
-2.952499500000000000e+06
-2.949703750000000000e+06
-2.946914000000000000e+06
-2.944132250000000000e+06
-2.941356250000000000e+06
-2.938588250000000000e+06
-2.935826000000000000e+06
-2.933071500000000000e+06
-2.930322750000000000e+06
-2.927581750000000000e+06
-2.924846500000000000e+06
-2.922118750000000000e+06
-2.919396750000000000e+06
-2.916682500000000000e+06
-2.913973500000000000e+06
-2.911272250000000000e+06
-2.908576500000000000e+06
-2.905888250000000000e+06
-2.903205500000000000e+06
-2.900530000000000000e+06
-2.897860000000000000e+06
-2.895197500000000000e+06
-2.892540000000000000e+06
-2.889890000000000000e+06
-2.887245500000000000e+06
-2.884608000000000000e+06
-2.881975750000000000e+06
-2.879350750000000000e+06
-2.876731000000000000e+06
-2.874118250000000000e+06
-2.871510750000000000e+06
-2.868910250000000000e+06
-2.866315000000000000e+06
-2.863726500000000000e+06
-2.861143250000000000e+06
-2.858567000000000000e+06
-2.855995500000000000e+06
-2.853431000000000000e+06
-2.850871750000000000e+06
-2.848319000000000000e+06
-2.845771250000000000e+06
-2.843230250000000000e+06
-2.840694250000000000e+06
-2.838164750000000000e+06
-2.835640250000000000e+06
-2.833122250000000000e+06
-2.830609250000000000e+06
-2.828102750000000000e+06
-2.825601000000000000e+06
-2.823105750000000000e+06
-2.820615250000000000e+06
-2.818131250000000000e+06
-2.815652000000000000e+06
-2.813179000000000000e+06
-2.810710750000000000e+06
-2.808248750000000000e+06
-2.805791500000000000e+06
-2.803340500000000000e+06
-2.800894000000000000e+06
-2.798453750000000000e+06
-2.796018250000000000e+06
-2.793588750000000000e+06
-2.791164000000000000e+06
-2.788745000000000000e+06
-2.786330750000000000e+06
-2.783922500000000000e+06
-2.781518750000000000e+06
-2.779120750000000000e+06
-2.776727500000000000e+06
-2.774340000000000000e+06
-2.771957000000000000e+06
-2.769579750000000000e+06
-2.767207000000000000e+06
-2.764840000000000000e+06
-2.762477500000000000e+06
-2.760120500000000000e+06
-2.757768000000000000e+06
-2.755421250000000000e+06
-2.753078750000000000e+06
-2.750742000000000000e+06
-2.748409250000000000e+06
-2.746082250000000000e+06
-2.743759500000000000e+06
-2.741442500000000000e+06
-2.739129500000000000e+06
-2.736822000000000000e+06
-2.734518750000000000e+06
-2.732220750000000000e+06
-2.729927000000000000e+06
-2.727638750000000000e+06
-2.725354500000000000e+06
-2.723075750000000000e+06
-2.720801000000000000e+06
-2.718531750000000000e+06
-2.716266250000000000e+06
-2.714006250000000000e+06
-2.711750000000000000e+06
-2.709499250000000000e+06
-2.707252500000000000e+06
-2.705010750000000000e+06
-2.702773000000000000e+06
-2.700540500000000000e+06
-2.698312000000000000e+06
-2.696088250000000000e+06
-2.693868750000000000e+06
-2.691654250000000000e+06
-2.689443500000000000e+06
-2.687237750000000000e+06
-2.685036000000000000e+06
-2.682839250000000000e+06
-2.680646000000000000e+06
-2.678458000000000000e+06
-2.676273750000000000e+06
-2.674094250000000000e+06
-2.671918500000000000e+06
-2.669747750000000000e+06
-2.667580750000000000e+06
-2.665418500000000000e+06
-2.663260000000000000e+06
-2.661106250000000000e+06
-2.658956000000000000e+06
-2.656810750000000000e+06
-2.654669000000000000e+06
-2.652532000000000000e+06
-2.650398750000000000e+06
-2.648270000000000000e+06
-2.646144750000000000e+06
-2.644024250000000000e+06
-2.641907500000000000e+06
-2.639795000000000000e+06
-2.637686250000000000e+06
-2.635582000000000000e+06
-2.633481250000000000e+06
-2.631385250000000000e+06
-2.629292500000000000e+06
-2.627204250000000000e+06
-2.625119500000000000e+06
-2.623039250000000000e+06
-2.620962250000000000e+06
-2.618890000000000000e+06
-2.616821000000000000e+06
-2.614756250000000000e+06
-2.612695000000000000e+06
-2.610638250000000000e+06
-2.608584500000000000e+06
-2.606535500000000000e+06
-2.604489500000000000e+06
-2.602448000000000000e+06
-2.600409750000000000e+06
-2.598375750000000000e+06
-2.596345000000000000e+06
-2.594318500000000000e+06
-2.592295250000000000e+06
-2.590276250000000000e+06
-2.588260250000000000e+06
-2.586248750000000000e+06
-2.584240250000000000e+06
-2.582236000000000000e+06
-2.580235000000000000e+06
-2.578238000000000000e+06
-2.576244250000000000e+06
-2.574254500000000000e+06
-2.572267750000000000e+06
-2.570285250000000000e+06
-2.568305750000000000e+06
-2.566330500000000000e+06
-2.564358250000000000e+06
-2.562389750000000000e+06
-2.560424500000000000e+06
-2.558463250000000000e+06
-2.556505000000000000e+06
-2.554550750000000000e+06
-2.552599500000000000e+06
-2.550652250000000000e+06
-2.548707750000000000e+06
-2.546767250000000000e+06
-2.544830000000000000e+06
-2.542896250000000000e+06
-2.540965500000000000e+06
-2.539038750000000000e+06
-2.537115000000000000e+06
-2.535194750000000000e+06
-2.533277750000000000e+06
-2.531364250000000000e+06
-2.529453750000000000e+06
-2.527547000000000000e+06
-2.525643250000000000e+06
-2.523743000000000000e+06
-2.521845750000000000e+06
-2.519952250000000000e+06
-2.518061500000000000e+06
-2.516174250000000000e+06
-2.514290250000000000e+06
-2.512409500000000000e+06
-2.510531750000000000e+06
-2.508657500000000000e+06
-2.506786250000000000e+06
-2.504918500000000000e+06
-2.503053500000000000e+06
-2.501192000000000000e+06
-2.499333250000000000e+06
-2.497478000000000000e+06
-2.495625750000000000e+06
-2.493776750000000000e+06
-2.491930500000000000e+06
-2.490087750000000000e+06
-2.488247750000000000e+06
-2.486411250000000000e+06
-2.484577500000000000e+06
-2.482747000000000000e+06
-2.480919250000000000e+06
-2.479095000000000000e+06
-2.477273250000000000e+06
-2.475455000000000000e+06
-2.473639250000000000e+06
-2.471827000000000000e+06
-2.470017250000000000e+06
-2.468211000000000000e+06
-2.466407250000000000e+06
-2.464607000000000000e+06
-2.462809000000000000e+06
-2.461014500000000000e+06
-2.459222750000000000e+06
-2.457434000000000000e+06
-2.455647750000000000e+06
-2.453865000000000000e+06
-2.452084750000000000e+06
-2.450307500000000000e+06
-2.448533000000000000e+06
-2.446761750000000000e+06
-2.444992750000000000e+06
-2.443227250000000000e+06
-2.441464000000000000e+06
-2.439704000000000000e+06
-2.437946500000000000e+06
-2.436192250000000000e+06
-2.434440250000000000e+06
-2.432691500000000000e+06
-2.430945000000000000e+06
-2.429202000000000000e+06
-2.427461000000000000e+06
-2.425723250000000000e+06
-2.423988000000000000e+06
-2.422255750000000000e+06
-2.420526000000000000e+06
-2.418799250000000000e+06
-2.417074750000000000e+06
-2.415353500000000000e+06
-2.413634500000000000e+06
-2.411918500000000000e+06
-2.410204750000000000e+06
-2.408494250000000000e+06
-2.406786000000000000e+06
-2.405080500000000000e+06
-2.403377500000000000e+06
-2.401677500000000000e+06
-2.399979750000000000e+06
-2.398285000000000000e+06
-2.396592500000000000e+06
-2.394902750000000000e+06
-2.393215500000000000e+06
-2.391531250000000000e+06
-2.389849000000000000e+06
-2.388169750000000000e+06
-2.386492750000000000e+06
-2.384818500000000000e+06
-2.383146750000000000e+06
-2.381477750000000000e+06
-2.379810750000000000e+06
-2.378146750000000000e+06
-2.376485000000000000e+06
-2.374826250000000000e+06
-2.373169500000000000e+06
-2.371515500000000000e+06
-2.369863750000000000e+06
-2.368214750000000000e+06
-2.366567750000000000e+06
-2.364923750000000000e+06
-2.363281750000000000e+06
-2.361642750000000000e+06
-2.360005750000000000e+06
-2.358371500000000000e+06
-2.356739250000000000e+06
-2.355110000000000000e+06
-2.353482500000000000e+06
-2.351858000000000000e+06
-2.350235500000000000e+06
-2.348615750000000000e+06
-2.346998000000000000e+06
-2.345383000000000000e+06
-2.343770000000000000e+06
-2.342159750000000000e+06
-2.340551500000000000e+06
-2.338945750000000000e+06
-2.337342250000000000e+06
-2.335741500000000000e+06
-2.334142500000000000e+06
-2.332546250000000000e+06
-2.330952000000000000e+06
-2.329360500000000000e+06
-2.327771000000000000e+06
-2.326183750000000000e+06
-2.324599000000000000e+06
-2.323016500000000000e+06
-2.321436000000000000e+06
-2.319858000000000000e+06
-2.318282250000000000e+06
-2.316708750000000000e+06
-2.315137500000000000e+06
-2.313568500000000000e+06
-2.312001750000000000e+06
-2.310437250000000000e+06
-2.308874750000000000e+06
-2.307315000000000000e+06
-2.305757000000000000e+06
-2.304201250000000000e+06
-2.302647750000000000e+06
-2.301096750000000000e+06
-2.299547500000000000e+06
-2.298000750000000000e+06
-2.296456000000000000e+06
-2.294913500000000000e+06
-2.293373000000000000e+06
-2.291835000000000000e+06
-2.290298750000000000e+06
-2.288765000000000000e+06
-2.287233000000000000e+06
-2.285703500000000000e+06
-2.284176000000000000e+06
-2.282650750000000000e+06
-2.281127500000000000e+06
-2.279606500000000000e+06
-2.278087250000000000e+06
-2.276570500000000000e+06
-2.275055500000000000e+06
-2.273543000000000000e+06
-2.272032250000000000e+06
-2.270523750000000000e+06
-2.269017250000000000e+06
-2.267512750000000000e+06
-2.266010500000000000e+06
-2.264510250000000000e+06
-2.263011750000000000e+06
-2.261515750000000000e+06
-2.260021500000000000e+06
-2.258529500000000000e+06
-2.257039250000000000e+06
-2.255551250000000000e+06
-2.254065250000000000e+06
-2.252581250000000000e+06
-2.251099250000000000e+06
-2.249619250000000000e+06
-2.248141000000000000e+06
-2.246665250000000000e+06
-2.245191000000000000e+06
-2.243719250000000000e+06
-2.242249000000000000e+06
-2.240781000000000000e+06
-2.239314750000000000e+06
-2.237850750000000000e+06
-2.236388250000000000e+06
-2.234928250000000000e+06
-2.233469750000000000e+06
-2.232013500000000000e+06
-2.230559000000000000e+06
-2.229106500000000000e+06
-2.227656000000000000e+06
-2.226207500000000000e+06
-2.224760500000000000e+06
-2.223315750000000000e+06
-2.221872750000000000e+06
-2.220432000000000000e+06
-2.218992750000000000e+06
-2.217555750000000000e+06
-2.216120250000000000e+06
-2.214687000000000000e+06
-2.213255250000000000e+06
-2.211825750000000000e+06
