5.535638224896000000e+12
-4.006682624000000000e+10
-4.604703744000000000e+09
-5.677303296000000000e+09
-1.519052672000000000e+09
-1.901956608000000000e+09
-7.154691840000000000e+08
-8.729989760000000000e+08
-4.060363200000000000e+08
-4.758423040000000000e+08
-2.573159360000000000e+08
-2.894723200000000000e+08
-1.752343520000000000e+08
-1.901210240000000000e+08
-1.255269360000000000e+08
-1.321269600000000000e+08
-9.336725600000000000e+07
-9.588716800000000000e+07
-7.150786400000000000e+07
-7.200895200000000000e+07
-5.607086400000000000e+07
-5.559622800000000000e+07
-4.483163600000000000e+07
-4.391946800000000000e+07
-3.644162000000000000e+07
-3.537109600000000000e+07
-3.004600600000000000e+07
-2.896009200000000000e+07
-2.508273000000000000e+07
-2.405161800000000000e+07
-2.117074400000000000e+07
-2.022551400000000000e+07
-1.804494800000000000e+07
-1.719579600000000000e+07
-1.551677500000000000e+07
-1.476302700000000000e+07
-1.344949700000000000e+07
-1.278512700000000000e+07
-1.174227600000000000e+07
-1.115896600000000000e+07
-1.031962700000000000e+07
-9.808414000000000000e+06
-9.124277000000000000e+06
-8.676417000000000000e+06
-8.112238500000000000e+06
-7.719635500000000000e+06
-7.249354500000000000e+06
-6.904730000000000000e+06
-6.508831500000000000e+06
-6.205764000000000000e+06
-5.869454000000000000e+06
-5.602344000000000000e+06
-5.314279000000000000e+06
-5.078281500000000000e+06
-4.829667000000000000e+06
-4.620610500000000000e+06
-4.404554000000000000e+06
-4.218856000000000000e+06
-4.029904500000000000e+06
-3.864494250000000000e+06
-3.698288500000000000e+06
-3.550534250000000000e+06
-3.403560250000000000e+06
-3.271206750000000000e+06
-3.140605750000000000e+06
-3.021718250000000000e+06
-2.905147000000000000e+06
-2.798063250000000000e+06
-2.693585250000000000e+06
-2.596875500000000000e+06
-2.502879250000000000e+06
-2.415311000000000000e+06
-2.330446500000000000e+06
-2.250955500000000000e+06
-2.174084500000000000e+06
-2.101748750000000000e+06
-2.031906125000000000e+06
-1.965926000000000000e+06
-1.902288500000000000e+06
-1.841968625000000000e+06
-1.783830500000000000e+06
-1.728564375000000000e+06
-1.675317875000000000e+06
-1.624575500000000000e+06
-1.575694500000000000e+06
-1.529011375000000000e+06
-1.484038875000000000e+06
-1.441006875000000000e+06
-1.399544125000000000e+06
-1.359803875000000000e+06
-1.321501750000000000e+06
-1.284736000000000000e+06
-1.249287500000000000e+06
-1.215215625000000000e+06
-1.182350125000000000e+06
-1.150723125000000000e+06
-1.120201250000000000e+06
-1.090797375000000000e+06
-1.062406750000000000e+06
-1.035028937500000000e+06
-1.008580625000000000e+06
-9.830524375000000000e+05
-9.583778125000000000e+05
-9.345415625000000000e+05
-9.114898750000000000e+05
-8.892039375000000000e+05
-8.676399375000000000e+05
-8.467770625000000000e+05
-8.265793125000000000e+05
-8.070248750000000000e+05
-7.880840000000000000e+05
-7.697344375000000000e+05
-7.519516250000000000e+05
-7.347134375000000000e+05
-7.179993125000000000e+05
-7.017877500000000000e+05
-6.860614375000000000e+05
-6.707995625000000000e+05
-6.559874375000000000e+05
-6.416052500000000000e+05
-6.276405625000000000e+05
-6.140743750000000000e+05
-6.008961250000000000e+05
-5.880878750000000000e+05
-5.756404375000000000e+05
-5.635369375000000000e+05
-5.517695625000000000e+05
-5.403222500000000000e+05
-5.291883125000000000e+05
-5.183526562500000000e+05
-5.078094375000000000e+05
-4.975445625000000000e+05
-4.875529375000000000e+05
-4.778212187500000000e+05
-4.683450937500000000e+05
-4.591120000000000000e+05
-4.501181875000000000e+05
-4.413518437500000000e+05
-4.328097187500000000e+05
-4.244806875000000000e+05
-4.163620000000000000e+05
-4.084430937500000000e+05
-4.007217187500000000e+05
-3.931878437500000000e+05
-3.858395625000000000e+05
-3.786674375000000000e+05
-3.716698437500000000e+05
-3.648379062500000000e+05
-3.581702187500000000e+05
-3.516584062500000000e+05
-3.453013437500000000e+05
-3.390910625000000000e+05
-3.330266562500000000e+05
-3.271005937500000000e+05
-3.213121250000000000e+05
-3.156541875000000000e+05
-3.101261562500000000e+05
-3.047212500000000000e+05
-2.994391562500000000e+05
-2.942733437500000000e+05
-2.892236250000000000e+05
-2.842838125000000000e+05
-2.794538125000000000e+05
-2.747278125000000000e+05
-2.701057500000000000e+05
-2.655820625000000000e+05
-2.611568750000000000e+05
-2.568248593750000000e+05
-2.525861875000000000e+05
-2.484358125000000000e+05
-2.443739687500000000e+05
-2.403958125000000000e+05
-2.365016875000000000e+05
-2.326869687500000000e+05
-2.289520312500000000e+05
-2.252924687500000000e+05
-2.217086875000000000e+05
-2.181964843750000000e+05
-2.147563437500000000e+05
-2.113842031250000000e+05
-2.080805937500000000e+05
-2.048416406250000000e+05
-2.016679062500000000e+05
-1.985556562500000000e+05
-1.955055000000000000e+05
-1.925138593750000000e+05
-1.895813593750000000e+05
-1.867045937500000000e+05
-1.838841562500000000e+05
-1.811168125000000000e+05
-1.784031875000000000e+05
-1.757401562500000000e+05
-1.731283750000000000e+05
-1.705648125000000000e+05
-1.680501562500000000e+05
-1.655815000000000000e+05
-1.631595468750000000e+05
-1.607814843750000000e+05
-1.584480156250000000e+05
-1.561564531250000000e+05
-1.539075000000000000e+05
-1.516985781250000000e+05
-1.495303750000000000e+05
-1.474004218750000000e+05
-1.453094218750000000e+05
-1.432549687500000000e+05
-1.412377968750000000e+05
-1.392555625000000000e+05
-1.373090000000000000e+05
-1.353958593750000000e+05
-1.335168750000000000e+05
-1.316698750000000000e+05
-1.298555859375000000e+05
-1.280719296875000000e+05
-1.263196015625000000e+05
-1.245966015625000000e+05
-1.229036406250000000e+05
-1.212387734375000000e+05
-1.196027109375000000e+05
-1.179935703125000000e+05
-1.164120468750000000e+05
-1.148563437500000000e+05
-1.133271406250000000e+05
-1.118226875000000000e+05
-1.103436796875000000e+05
-1.088884140625000000e+05
-1.074575703125000000e+05
-1.060495156250000000e+05
-1.046649218750000000e+05
-1.033021953125000000e+05
-1.019620078125000000e+05
-1.006428281250000000e+05
-9.934531250000000000e+04
-9.806796093750000000e+04
-9.681143750000000000e+04
-9.557430468750000000e+04
-9.435718750000000000e+04
-9.315871093750000000e+04
-9.197949218750000000e+04
-9.081818750000000000e+04
-8.967541406250000000e+04
-8.854987500000000000e+04
-8.744216406250000000e+04
-8.635103906250000000e+04
-8.527707812500000000e+04
-8.421907031250000000e+04
-8.317760156250000000e+04
-8.215148437500000000e+04
-8.114130468750000000e+04
-8.014589843750000000e+04
-7.916585156250000000e+04
-7.820003906250000000e+04
-7.724902343750000000e+04
-7.631171875000000000e+04
-7.538868750000000000e+04
-7.447886718750000000e+04
-7.358280468750000000e+04
-7.269947656250000000e+04
-7.182942187500000000e+04
-7.097164843750000000e+04
-7.012667968750000000e+04
-6.929355468750000000e+04
-6.847278906250000000e+04
-6.766344531250000000e+04
-6.686603125000000000e+04
-6.607964062500000000e+04
-6.530476953125000000e+04
-6.454053515625000000e+04
-6.378742578125000000e+04
-6.304458593750000000e+04
-6.231249609375000000e+04
-6.159032031250000000e+04
-6.087853125000000000e+04
-6.017631640625000000e+04
-5.948414062500000000e+04
-5.880121484375000000e+04
-5.812799609375000000e+04
-5.746371093750000000e+04
-5.680881250000000000e+04
-5.616255468750000000e+04
-5.552537109375000000e+04
-5.489653515625000000e+04
-5.427648437500000000e+04
-5.366450390625000000e+04
-5.306101953125000000e+04
-5.246534375000000000e+04
-5.187789062500000000e+04
-5.129799218750000000e+04
-5.072605468750000000e+04
-5.016142187500000000e+04
-4.960449609375000000e+04
-4.905464453125000000e+04
-4.851225390625000000e+04
-4.797671093750000000e+04
-4.744839843750000000e+04
-4.692671093750000000e+04
-4.641202734375000000e+04
-4.590376171875000000e+04
-4.540228515625000000e+04
-4.490702343750000000e+04
-4.441833593750000000e+04
-4.393567578125000000e+04
-4.345938671875000000e+04
-4.298893359375000000e+04
-4.252466406250000000e+04
-4.206605078125000000e+04
-4.161342968750000000e+04
-4.116628906250000000e+04
-4.072496484375000000e+04
-4.028895703125000000e+04
-3.985858593750000000e+04
-3.943337109375000000e+04
-3.901362500000000000e+04
-3.859888281250000000e+04
-3.818944921875000000e+04
-3.778486718750000000e+04
-3.738543359375000000e+04
-3.699071093750000000e+04
-3.660098828125000000e+04
-3.621583593750000000e+04
-3.583553515625000000e+04
-3.545967187500000000e+04
-3.508852343750000000e+04
-3.472168359375000000e+04
-3.435941796875000000e+04
-3.400133593750000000e+04
-3.364769921875000000e+04
-3.329812500000000000e+04
-3.295287109375000000e+04
-3.261156250000000000e+04
-3.227444921875000000e+04
-3.194117382812500000e+04
-3.161197265625000000e+04
-3.128650000000000000e+04
-3.096498828125000000e+04
-3.064710156250000000e+04
-3.033306445312500000e+04
-3.002254882812500000e+04
-2.971577734375000000e+04
-2.941243164062500000e+04
-2.911272460937500000e+04
-2.881634765625000000e+04
-2.852351171875000000e+04
-2.823391406250000000e+04
-2.794775781250000000e+04
-2.766475585937500000e+04
-2.738509765625000000e+04
-2.710850976562500000e+04
-2.683517578125000000e+04
-2.656482812500000000e+04
-2.629764843750000000e+04
-2.603337304687500000e+04
-2.577217968750000000e+04
-2.551381640625000000e+04
-2.525845117187500000e+04
-2.500583984375000000e+04
-2.475614843750000000e+04
-2.450913867187500000e+04
-2.426496875000000000e+04
-2.402341406250000000e+04
-2.378462109375000000e+04
-2.354837890625000000e+04
-2.331482226562500000e+04
-2.308375195312500000e+04
-2.285529687500000000e+04
-2.262926367187500000e+04
-2.240577929687500000e+04
-2.218465429687500000e+04
-2.196600976562500000e+04
-2.174966601562500000e+04
-2.153573828125000000e+04
-2.132405664062500000e+04
-2.111472460937500000e+04
-2.090758398437500000e+04
-2.070273242187500000e+04
-2.050001757812500000e+04
-2.029953320312500000e+04
-2.010113281250000000e+04
-1.990490429687500000e+04
-1.971071289062500000e+04
-1.951863476562500000e+04
-1.932854492187500000e+04
-1.914051367187500000e+04
-1.895442382812500000e+04
-1.877033984375000000e+04
-1.858815039062500000e+04
-1.840791601562500000e+04
-1.822953320312500000e+04
-1.805305273437500000e+04
-1.787838085937500000e+04
-1.770556445312500000e+04
-1.753451562500000000e+04
-1.736527343750000000e+04
-1.719775781250000000e+04
-1.703200390625000000e+04
-1.686793750000000000e+04
-1.670558593750000000e+04
-1.654488476562500000e+04
-1.638585546875000000e+04
-1.622844042968750000e+04
-1.607265234375000000e+04
-1.591844531250000000e+04
-1.576582226562500000e+04
-1.561474609375000000e+04
-1.546521386718750000e+04
-1.531719531250000000e+04
-1.517068066406250000e+04
-1.502564746093750000e+04
-1.488207910156250000e+04
-1.473996093750000000e+04
-1.459927050781250000e+04
-1.446000097656250000e+04
-1.432212109375000000e+04
-1.418563281250000000e+04
-1.405049902343750000e+04
-1.391672851562500000e+04
-1.378427636718750000e+04
-1.365316113281250000e+04
-1.352333007812500000e+04
-1.339480957031250000e+04
-1.326753906250000000e+04
-1.314155371093750000e+04
-1.301678515625000000e+04
-1.289327734375000000e+04
-1.277095507812500000e+04
-1.264986914062500000e+04
-1.252993652343750000e+04
-1.241121777343750000e+04
-1.229362207031250000e+04
-1.217721777343750000e+04
-1.206190625000000000e+04
-1.194776464843750000e+04
-1.183468554687500000e+04
-1.172275585937500000e+04
-1.161186132812500000e+04
-1.150209570312500000e+04
-1.139333593750000000e+04
-1.128568554687500000e+04
-1.117901464843750000e+04
-1.107343261718750000e+04
-1.096880371093750000e+04
-1.086524609375000000e+04
-1.076261523437500000e+04
-1.066103808593750000e+04
-1.056036132812500000e+04
-1.046072070312500000e+04
-1.036195507812500000e+04
-1.026420996093750000e+04
-1.016731445312500000e+04
-1.007142382812500000e+04
-9.976359375000000000e+03
-9.882282226562500000e+03
-9.789008789062500000e+03
-9.696708007812500000e+03
-9.605186523437500000e+03
-9.514624023437500000e+03
-9.424818359375000000e+03
-9.335957031250000000e+03
-9.247830078125000000e+03
-9.160634765625000000e+03
-9.074151367187500000e+03
-8.988585937500000000e+03
-8.903711914062500000e+03
-8.819742187500000000e+03
-8.736443359375000000e+03
-8.654037109375000000e+03
-8.572280273437500000e+03
-8.491404296875000000e+03
-8.411157226562500000e+03
-8.331781250000000000e+03
-8.253012695312500000e+03
-8.175104003906250000e+03
-8.097784667968750000e+03
-8.021313476562500000e+03
-7.945412597656250000e+03
-7.870350097656250000e+03
-7.795838378906250000e+03
-7.722155273437500000e+03
-7.649004882812500000e+03
-7.576673339843750000e+03
-7.504856445312500000e+03
-7.433849121093750000e+03
-7.363338378906250000e+03
-7.293628906250000000e+03
-7.224398437500000000e+03
-7.155960449218750000e+03
-7.087983398437500000e+03
-7.020791992187500000e+03
-6.954043945312500000e+03
-6.888073730468750000e+03
-6.822530273437500000e+03
-6.757756835937500000e+03
-6.693394042968750000e+03
-6.629793457031250000e+03
-6.566587890625000000e+03
-6.504137695312500000e+03
-6.442065917968750000e+03
-6.380743652343750000e+03
-6.319783691406250000e+03
-6.259566894531250000e+03
-6.199696777343750000e+03
-6.140563964843750000e+03
-6.081762207031250000e+03
-6.023692382812500000e+03
-5.965938476562500000e+03
-5.908911132812500000e+03
-5.852184570312500000e+03
-5.796179199218750000e+03
-5.740460449218750000e+03
-5.685457519531250000e+03
-5.630726562500000000e+03
-5.576707031250000000e+03
-5.522945312500000000e+03
-5.469890625000000000e+03
-5.417079589843750000e+03
-5.364970703125000000e+03
-5.313091796875000000e+03
-5.261911621093750000e+03
-5.210947265625000000e+03
-5.160677734375000000e+03
-5.110610351562500000e+03
-5.061234863281250000e+03
-5.012047851562500000e+03
-4.963548828125000000e+03
-4.915225585937500000e+03
-4.867587402343750000e+03
-4.820111328125000000e+03
-4.773317871093750000e+03
-4.726673339843750000e+03
-4.680708496093750000e+03
-4.634880371093750000e+03
-4.589729003906250000e+03
-4.544702148437500000e+03
-4.500349121093750000e+03
-4.456107910156250000e+03
-4.412539062500000000e+03
-4.369069824218750000e+03
-4.326270019531250000e+03
-4.283558105468750000e+03
-4.241514160156250000e+03
-4.199545898437500000e+03
-4.158243652343750000e+03
-4.117004882812500000e+03
-4.076431396484375000e+03
-4.035909423828125000e+03
-3.996051025390625000e+03
-3.956232666015625000e+03
-3.917076660156250000e+03
-3.877949218750000000e+03
-3.839482910156250000e+03
-3.801033935546875000e+03
-3.763245361328125000e+03
-3.725462646484375000e+03
-3.688339355468750000e+03
-3.651211181640625000e+03
-3.614741455078125000e+03
-3.578255859375000000e+03
-3.542428466796875000e+03
-3.506573974609375000e+03
-3.471377441406250000e+03
-3.436143066406250000e+03
-3.401566406250000000e+03
-3.366941162109375000e+03
-3.332973388671875000e+03
-3.298946533203125000e+03
-3.265577148437500000e+03
-3.232137939453125000e+03
-3.199356689453125000e+03
-3.166495117187500000e+03
-3.134291503906250000e+03
-3.101997558593750000e+03
-3.070362060546875000e+03
-3.038625732421875000e+03
-3.007548095703125000e+03
-2.976359863281250000e+03
-2.945831054687500000e+03
-2.915181152343750000e+03
-2.885191650390625000e+03
-2.855071044921875000e+03
-2.825611572265625000e+03
-2.796011474609375000e+03
-2.767072998046875000e+03
-2.737984130859375000e+03
-2.709557861328125000e+03
-2.680971679687500000e+03
-2.653049316406250000e+03
-2.624957275390625000e+03
-2.597530273437500000e+03
-2.569923828125000000e+03
-2.542983886718750000e+03
-2.515855224609375000e+03
-2.489394042968750000e+03
-2.462734863281250000e+03
-2.436744873046875000e+03
-2.410547363281250000e+03
-2.385020507812500000e+03
-2.359277099609375000e+03
-2.334205810546875000e+03
-2.308908935546875000e+03
-2.284285888671875000e+03
-2.259428222656250000e+03
-2.235245849609375000e+03
-2.210819824218750000e+03
-2.187071289062500000e+03
-2.163070068359375000e+03
-2.139748046875000000e+03
-2.116164794921875000e+03
-2.093262451171875000e+03
-2.070090087890625000e+03
-2.047600830078125000e+03
-2.024832763671875000e+03
-2.002749877929687500e+03
-1.980379394531250000e+03
-1.958696411132812500e+03
-1.936717285156250000e+03
-1.915427856445312500e+03
-1.893833740234375000e+03
-1.872931518554687500e+03
-1.851716186523437500e+03
-1.831195190429687500e+03
-1.810352661132812500e+03
-1.790206909179687500e+03
-1.769731079101562500e+03
-1.749954589843750000e+03
-1.729839843750000000e+03
-1.710426757812500000e+03
-1.690667358398437500e+03
-1.671612182617187500e+03
-1.652202392578125000e+03
-1.633499511718750000e+03
-1.614433959960937500e+03
-1.596078002929687500e+03
-1.577351196289062500e+03
-1.559336791992187500e+03
-1.540943481445312500e+03
-1.523265258789062500e+03
-1.505200317382812500e+03
-1.487853393554687500e+03
-1.470111694335937500e+03
-1.453090820312500000e+03
-1.435667358398437500e+03
-1.418967651367187500e+03
-1.401857543945312500e+03
-1.385474243164062500e+03
-1.368672729492187500e+03
-1.352600952148437500e+03
-1.336103271484375000e+03
-1.320338378906250000e+03
-1.304140014648437500e+03
-1.288677490234375000e+03
-1.272773681640625000e+03
-1.257609008789062500e+03
-1.241995483398437500e+03
-1.227124145507812500e+03
-1.211796630859375000e+03
-1.197214355468750000e+03
-1.182168457031250000e+03
-1.167870971679687500e+03
-1.153102416992187500e+03
-1.139085693359375000e+03
-1.124590454101562500e+03
-1.110850219726562500e+03
-1.096624145507812500e+03
-1.083156494140625000e+03
-1.069195800781250000e+03
-1.055996704101562500e+03
-1.042297241210937500e+03
-1.029362915039062500e+03
-1.015921081542968750e+03
-1.003247680664062500e+03
-9.900595703125000000e+02
-9.776433715820312500e+02
-9.647053833007812500e+02
-9.525427246093750000e+02
-9.398511352539062500e+02
-9.279384155273437500e+02
-9.154898071289062500e+02
-9.038234252929687500e+02
-8.916142578125000000e+02
-8.801908569335937500e+02
-8.682176513671875000e+02
-8.570337524414062500e+02
-8.452931518554687500e+02
-8.343454589843750000e+02
-8.228342285156250000e+02
-8.121194458007812500e+02
-8.008342895507812500e+02
-7.903491210937500000e+02
-7.792868652343750000e+02
-7.690282592773437500e+02
-7.581857910156250000e+02
-7.481505737304687500e+02
-7.375247802734375000e+02
-7.277098999023437500e+02
-7.172977905273437500e+02
-7.077002563476562500e+02
-6.974988403320312500e+02
-6.881157226562500000e+02
-6.781221313476562500e+02
-6.689505004882812500e+02
-6.591618652343750000e+02
-6.501988525390625000e+02
-6.406123657226562500e+02
-6.318552246093750000e+02
-6.224681396484375000e+02
-6.139140625000000000e+02
-6.047236328125000000e+02
-5.963700561523437500e+02
-5.873735961914062500e+02
-5.792177734375000000e+02
-5.704127807617187500e+02
-5.624520263671875000e+02
-5.538358764648437500e+02
-5.460677490234375000e+02
-5.376378784179687500e+02
-5.300598754882812500e+02
-5.218138427734375000e+02
-5.144234008789062500e+02
-5.063587646484375000e+02
-4.991535034179687500e+02
-4.912678833007812500e+02
-4.842453918457031250e+02
-4.765364379882812500e+02
-4.696943969726562500e+02
-4.621597595214843750e+02
-4.554958801269531250e+02
-4.481333007812500000e+02
-4.416452941894531250e+02
-4.344525451660156250e+02
-4.281381835937500000e+02
-4.211130981445312500e+02
-4.149701538085937500e+02
-4.081105651855468750e+02
-4.021369018554687500e+02
-3.954406738281250000e+02
-3.896342163085937500e+02
-3.830992736816406250e+02
-3.774579162597656250e+02
-3.710822143554687500e+02
-3.656039123535156250e+02
-3.593854064941406250e+02
-3.540681457519531250e+02
-3.480049133300781250e+02
-3.428467102050781250e+02
-3.369367675781250000e+02
-3.319356689453125000e+02
-3.261771545410156250e+02
-3.213312377929687500e+02
-3.157222290039062500e+02
-3.110296630859375000e+02
-3.055682983398437500e+02
-3.010271911621093750e+02
-2.957116699218750000e+02
-2.913202514648437500e+02
-2.861487731933593750e+02
-2.819052124023437500e+02
-2.768760681152343750e+02
-2.727785949707031250e+02
-2.678900146484375000e+02
-2.639369201660156250e+02
-2.591872253417968750e+02
-2.553767852783203125e+02
-2.507642974853515625e+02
-2.470948638916015625e+02
-2.426179504394531250e+02
-2.390878601074218750e+02
-2.347448883056640625e+02
-2.313525390625000000e+02
-2.271419219970703125e+02
-2.238857116699218750e+02
-2.198058929443359375e+02
-2.166842498779296875e+02
-2.127336883544921875e+02
-2.097450714111328125e+02
-2.059222564697265625e+02
-2.030651397705078125e+02
-1.993685913085937500e+02
-1.966414947509765625e+02
-1.930697326660156250e+02
-1.904711761474609375e+02
-1.870227813720703125e+02
-1.845513153076171875e+02
-1.812248687744140625e+02
-1.788790740966796875e+02
-1.756731719970703125e+02
-1.734516448974609375e+02
-1.703649291992187500e+02
-1.682662963867187500e+02
-1.652974090576171875e+02
-1.633203125000000000e+02
-1.604679412841796875e+02
-1.586110382080078125e+02
-1.558738555908203125e+02
-1.541358337402343750e+02
-1.515125732421875000e+02
-1.498921508789062500e+02
-1.473815307617187500e+02
-1.458774261474609375e+02
-1.434782257080078125e+02
-1.420891723632812500e+02
-1.398001556396484375e+02
-1.385249328613281250e+02
-1.363448944091796875e+02
-1.351822967529296875e+02
-1.331100463867187500e+02
-1.320588531494140625e+02
-1.300932312011718750e+02
-1.291522827148437500e+02
-1.272921371459960938e+02
-1.264602737426757812e+02
-1.247044754028320312e+02
-1.239805450439453125e+02
-1.223279800415039062e+02
-1.217108612060546875e+02
-1.201604309082031250e+02
-1.196490173339843750e+02
-1.181996536254882812e+02
-1.177928543090820312e+02
-1.164434814453125000e+02
-1.161402282714843750e+02
-1.148898086547851562e+02
-1.146890411376953125e+02
-1.135365447998046875e+02
-1.134372100830078125e+02
-1.123816299438476562e+02
-1.123827133178710938e+02
-1.114230422973632812e+02
-1.115235290527343750e+02
-1.106587905883789062e+02
-1.108576812744140625e+02
-1.100869064331054688e+02
-1.103832321166992188e+02
-1.097054595947265625e+02
-1.100982513427734375e+02
-1.095125503540039062e+02
-1.100008468627929688e+02
-1.095063018798828125e+02
-1.100891723632812500e+02
-1.096848602294921875e+02
-1.103613739013671875e+02
-1.100464096069335938e+02
-1.108156661987304688e+02
-1.105891571044921875e+02
-1.114502563476562500e+02
-1.113113403320312500e+02
-1.122633895874023438e+02
-1.122112121582031250e+02
-1.132533493041992188e+02
-1.132870559692382812e+02
-1.144184188842773438e+02
-1.145371932983398438e+02
-1.157569351196289062e+02
-1.159599456787109375e+02
-1.172672424316406250e+02
-1.175536804199218750e+02
-1.189477081298828125e+02
-1.193167877197265625e+02
-1.207967224121093750e+02
-1.212476654052734375e+02
-1.228127212524414062e+02
-1.233447494506835938e+02
-1.249941329956054688e+02
-1.256064834594726562e+02
-1.273394241333007812e+02
-1.280313568115234375e+02
-1.298470916748046875e+02
-1.306178436279296875e+02
-1.325156250000000000e+02
-1.333645019531250000e+02
-1.353435668945312500e+02
-1.362698364257812500e+02
-1.383294525146484375e+02
-1.393324127197265625e+02
-1.414718780517578125e+02
-1.425508270263671875e+02
-1.447694091796875000e+02
-1.459236602783203125e+02
-1.482206878662109375e+02
-1.494495544433593750e+02
-1.518243103027343750e+02
-1.531271514892578125e+02
-1.555789337158203125e+02
-1.569550933837890625e+02
-1.594832458496093750e+02
-1.609320526123046875e+02
-1.635359344482421875e+02
-1.650567474365234375e+02
-1.677356719970703125e+02
-1.693278808593750000e+02
-1.720812225341796875e+02
-1.737442016601562500e+02
-1.765713043212890625e+02
-1.783044281005859375e+02
-1.812046813964843750e+02
-1.830073547363281250e+02
-1.859801177978515625e+02
-1.878517608642578125e+02
-1.908964233398437500e+02
-1.928364410400390625e+02
-1.959524078369140625e+02
-1.979602050781250000e+02
-2.011468963623046875e+02
-2.032219085693359375e+02
-2.064787139892578125e+02
-2.086203765869140625e+02
-2.119467163085937500e+02
-2.141544952392578125e+02
-2.175498046875000000e+02
-2.198231201171875000e+02
-2.232868347167968750e+02
-2.256251678466796875e+02
-2.291567382812500000e+02
-2.315595550537109375e+02
-2.351584014892578125e+02
-2.376251678466796875e+02
-2.412907867431640625e+02
-2.438209838867187500e+02
-2.475528106689453125e+02
-2.501459350585937500e+02
-2.539434509277343750e+02
-2.565989990234375000e+02
-2.604616699218750000e+02
-2.631791381835937500e+02
-2.671064758300781250e+02
-2.698853759765625000e+02
-2.738768310546875000e+02
-2.767166748046875000e+02
-2.807717895507812500e+02
-2.836720886230468750e+02
-2.877903442382812500e+02
-2.907506408691406250e+02
-2.949315490722656250e+02
-2.979513854980468750e+02
-3.021944580078125000e+02
-3.052733764648437500e+02
-3.095781250000000000e+02
-3.127156372070312500e+02
-3.170816345214843750e+02
-3.202773132324218750e+02
-3.247040710449218750e+02
-3.279574890136718750e+02
-3.324445190429687500e+02
-3.357552185058593750e+02
-3.403020935058593750e+02
-3.436696472167968750e+02
-3.482759399414062500e+02
-3.516999206542968750e+02
-3.563651733398437500e+02
-3.598451538085937500e+02
-3.645689086914062500e+02
-3.681045227050781250e+02
-3.728863525390625000e+02
-3.764771423339843750e+02
-3.813166198730468750e+02
-3.849622192382812500e+02
-3.898589172363281250e+02
-3.935588989257812500e+02
-3.985124206542968750e+02
-4.022663879394531250e+02
-4.072763366699218750e+02
-4.110838928222656250e+02
-4.161498413085937500e+02
-4.200106201171875000e+02
-4.251321716308593750e+02
-4.290458068847656250e+02
-4.342225341796875000e+02
-4.381886291503906250e+02
-4.434201660156250000e+02
-4.474383850097656250e+02
-4.527243347167968750e+02
-4.567942810058593750e+02
-4.621342773437500000e+02
-4.662555847167968750e+02
-4.716492309570312500e+02
-4.758215637207031250e+02
-4.812684936523437500e+02
-4.854914855957031250e+02
-4.909913635253906250e+02
-4.952646484375000000e+02
-5.008170471191406250e+02
-5.051403198242187500e+02
-5.107449340820312500e+02
-5.151177978515625000e+02
-5.207742919921875000e+02
-5.251964721679687500e+02
-5.309043579101562500e+02
-5.353755493164062500e+02
-5.411345825195312500e+02
-5.456543579101562500e+02
-5.514641723632812500e+02
-5.560322875976562500e+02
-5.618925781250000000e+02
-5.665086669921875000e+02
-5.724190673828125000e+02
-5.770828247070312500e+02
-5.830429687500000000e+02
-5.877541503906250000e+02
-5.937637329101562500e+02
-5.985219116210937500e+02
-6.045806274414062500e+02
