5.538118631424000000e+12
-3.963067187200000000e+10
-4.536672768000000000e+09
-5.572933632000000000e+09
-1.469130240000000000e+09
-1.861379328000000000e+09
-6.880433280000000000e+08
-8.567275520000000000e+08
-3.914896000000000000e+08
-4.694180160000000000e+08
-2.495435040000000000e+08
-2.870339200000000000e+08
-1.709886240000000000e+08
-1.892449600000000000e+08
-1.231321360000000000e+08
-1.318192480000000000e+08
-9.195232000000000000e+07
-9.574764000000000000e+07
-7.060932800000000000e+07
-7.187964800000000000e+07
-5.543422000000000000e+07
-5.541527200000000000e+07
-4.431207200000000000e+07
-4.366185600000000000e+07
-3.595380400000000000e+07
-3.502554000000000000e+07
-2.953815400000000000e+07
-2.852052400000000000e+07
-2.452282600000000000e+07
-2.351433200000000000e+07
-2.053899600000000000e+07
-1.958836000000000000e+07
-1.732949600000000000e+07
-1.645800000000000000e+07
-1.471111900000000000e+07
-1.392513300000000000e+07
-1.255088900000000000e+07
-1.184891500000000000e+07
-1.075065100000000000e+07
-1.012730800000000000e+07
-9.236856000000000000e+06
-8.685100000000000000e+06
-7.953620000000000000e+06
-7.465967000000000000e+06
-6.857935000000000000e+06
-6.427106000000000000e+06
-5.916308000000000000e+06
-5.535545000000000000e+06
-5.102364000000000000e+06
-4.765560000000000000e+06
-4.395115500000000000e+06
-4.096843250000000000e+06
-3.777700500000000000e+06
-3.513185500000000000e+06
-3.236446000000000000e+06
-3.001516000000000000e+06
-2.760171500000000000e+06
-2.551193750000000000e+06
-2.339660250000000000e+06
-2.153478500000000000e+06
-1.967258625000000000e+06
-1.801132750000000000e+06
-1.636566500000000000e+06
-1.488117000000000000e+06
-1.342197250000000000e+06
-1.209356750000000000e+06
-1.079590125000000000e+06
-9.605599375000000000e+05
-8.448623750000000000e+05
-7.380749375000000000e+05
-6.346904375000000000e+05
-5.387778125000000000e+05
-4.462165312500000000e+05
-3.599821250000000000e+05
-2.769718437500000000e+05
-1.993670937500000000e+05
-1.248148593750000000e+05
-5.491899218750000000e+04
1.211916015625000000e+04
7.511650781250000000e+04
1.354599218750000000e+05
1.922733750000000000e+05
2.466364687500000000e+05
2.978975312500000000e+05
3.469057500000000000e+05
3.931736875000000000e+05
4.373766875000000000e+05
4.791477187500000000e+05
5.190301562500000000e+05
5.567454375000000000e+05
5.927361250000000000e+05
6.267886250000000000e+05
6.592678125000000000e+05
6.900082500000000000e+05
7.193143125000000000e+05
7.470561875000000000e+05
7.734908125000000000e+05
7.985146875000000000e+05
8.223475000000000000e+05
8.449053125000000000e+05
8.663776875000000000e+05
8.866955625000000000e+05
9.060242500000000000e+05
9.243056250000000000e+05
9.416853750000000000e+05
9.581136875000000000e+05
9.737198125000000000e+05
9.884605000000000000e+05
1.002451187500000000e+06
1.015653687500000000e+06
1.028171812500000000e+06
1.039971312500000000e+06
1.051146125000000000e+06
1.061665000000000000e+06
1.071613625000000000e+06
1.080963000000000000e+06
1.089791375000000000e+06
1.098072000000000000e+06
1.105876500000000000e+06
1.113180000000000000e+06
1.120048375000000000e+06
1.126458125000000000e+06
1.132469875000000000e+06
1.138061625000000000e+06
1.143289375000000000e+06
1.148132375000000000e+06
1.152642375000000000e+06
1.156799625000000000e+06
1.160652250000000000e+06
1.164181250000000000e+06
1.167431625000000000e+06
1.170385125000000000e+06
1.173083750000000000e+06
1.175509875000000000e+06
1.177702750000000000e+06
1.179645500000000000e+06
1.181374875000000000e+06
1.182874750000000000e+06
1.184179250000000000e+06
1.185273125000000000e+06
1.186188250000000000e+06
1.186910125000000000e+06
1.187468375000000000e+06
1.187849250000000000e+06
1.188080625000000000e+06
1.188149250000000000e+06
1.188081125000000000e+06
1.187863500000000000e+06
1.187521125000000000e+06
1.187041625000000000e+06
1.186448250000000000e+06
1.185729000000000000e+06
1.184905750000000000e+06
1.183967250000000000e+06
1.182934000000000000e+06
1.181795125000000000e+06
1.180569875000000000e+06
1.179247750000000000e+06
1.177847250000000000e+06
1.176358125000000000e+06
1.174797625000000000e+06
1.173156125000000000e+06
1.171449875000000000e+06
1.169669625000000000e+06
1.167830625000000000e+06
1.165924125000000000e+06
1.163964625000000000e+06
1.161943500000000000e+06
1.159874500000000000e+06
1.157749500000000000e+06
1.155581375000000000e+06
1.153362125000000000e+06
1.151104375000000000e+06
1.148800250000000000e+06
1.146461625000000000e+06
1.144081000000000000e+06
1.141669625000000000e+06
1.139220250000000000e+06
1.136743625000000000e+06
1.134232750000000000e+06
1.131697750000000000e+06
1.129132125000000000e+06
1.126545250000000000e+06
1.123930875000000000e+06
1.121298000000000000e+06
1.118640625000000000e+06
1.115967250000000000e+06
1.113272250000000000e+06
1.110563500000000000e+06
1.107835500000000000e+06
1.105096125000000000e+06
1.102339750000000000e+06
1.099573875000000000e+06
1.096793375000000000e+06
1.094005250000000000e+06
1.091204375000000000e+06
1.088397625000000000e+06
1.085580000000000000e+06
1.082757875000000000e+06
1.079926750000000000e+06
1.077092750000000000e+06
1.074251125000000000e+06
1.071407875000000000e+06
1.068558750000000000e+06
1.065709125000000000e+06
1.062854875000000000e+06
1.060001375000000000e+06
1.057144500000000000e+06
1.054289375000000000e+06
1.051432000000000000e+06
1.048577375000000000e+06
1.045721750000000000e+06
1.042869562500000000e+06
1.040017375000000000e+06
1.037169500000000000e+06
1.034322562500000000e+06
1.031480687500000000e+06
1.028640562500000000e+06
1.025806125000000000e+06
1.022974250000000000e+06
1.020148750000000000e+06
1.017326562500000000e+06
1.014511250000000000e+06
1.011699937500000000e+06
1.008896000000000000e+06
1.006096687500000000e+06
1.003305250000000000e+06
1.000518937500000000e+06
9.977410000000000000e+05
9.949686875000000000e+05
9.922050625000000000e+05
9.894476250000000000e+05
9.866993125000000000e+05
9.839575000000000000e+05
9.812251250000000000e+05
9.784996875000000000e+05
9.757839375000000000e+05
9.730755625000000000e+05
9.703771250000000000e+05
9.676863125000000000e+05
9.650056875000000000e+05
9.623330625000000000e+05
9.596708125000000000e+05
9.570167500000000000e+05
9.543733125000000000e+05
9.517383125000000000e+05
9.491140625000000000e+05
9.464985625000000000e+05
9.438938750000000000e+05
9.412980625000000000e+05
9.387133125000000000e+05
9.361375625000000000e+05
9.335729375000000000e+05
9.310175625000000000e+05
9.284733750000000000e+05
9.259385625000000000e+05
9.234149375000000000e+05
9.209008750000000000e+05
9.183980625000000000e+05
9.159048750000000000e+05
9.134230625000000000e+05
9.109509375000000000e+05
9.084901250000000000e+05
9.060391250000000000e+05
9.035995625000000000e+05
9.011698125000000000e+05
8.987514375000000000e+05
8.963430000000000000e+05
8.939459375000000000e+05
8.915587500000000000e+05
8.891830625000000000e+05
8.868172500000000000e+05
8.844628750000000000e+05
8.821184375000000000e+05
8.797853750000000000e+05
8.774623125000000000e+05
8.751505625000000000e+05
8.728488125000000000e+05
8.705583125000000000e+05
8.682778750000000000e+05
8.660086250000000000e+05
8.637493125000000000e+05
8.615012500000000000e+05
8.592631250000000000e+05
8.570361250000000000e+05
8.548190625000000000e+05
8.526131250000000000e+05
8.504170000000000000e+05
8.482319375000000000e+05
8.460567500000000000e+05
8.438925000000000000e+05
8.417380625000000000e+05
8.395945000000000000e+05
8.374606875000000000e+05
8.353376875000000000e+05
8.332244375000000000e+05
8.311219375000000000e+05
8.290290625000000000e+05
8.269468125000000000e+05
8.248742500000000000e+05
8.228121875000000000e+05
8.207596875000000000e+05
8.187176875000000000e+05
8.166851250000000000e+05
8.146630000000000000e+05
8.126502500000000000e+05
8.106478750000000000e+05
8.086548125000000000e+05
8.066719375000000000e+05
8.046983750000000000e+05
8.027349375000000000e+05
8.007807500000000000e+05
7.988365000000000000e+05
7.969014375000000000e+05
7.949763125000000000e+05
7.930602500000000000e+05
7.911540000000000000e+05
7.892567500000000000e+05
7.873692500000000000e+05
7.854906875000000000e+05
7.836216875000000000e+05
7.817615625000000000e+05
7.799110000000000000e+05
7.780691875000000000e+05
7.762368125000000000e+05
7.744130625000000000e+05
7.725987500000000000e+05
7.707929375000000000e+05
7.689964375000000000e+05
7.672083750000000000e+05
7.654295625000000000e+05
7.636590625000000000e+05
7.618976875000000000e+05
7.601446250000000000e+05
7.584005625000000000e+05
7.566646875000000000e+05
7.549377500000000000e+05
7.532188750000000000e+05
7.515088750000000000e+05
7.498068750000000000e+05
7.481136250000000000e+05
7.464283125000000000e+05
7.447515625000000000e+05
7.430827500000000000e+05
7.414224375000000000e+05
7.397698750000000000e+05
7.381257500000000000e+05
7.364893750000000000e+05
7.348612500000000000e+05
7.332408125000000000e+05
7.316285625000000000e+05
7.300238750000000000e+05
7.284273125000000000e+05
7.268381875000000000e+05
7.252571250000000000e+05
7.236833750000000000e+05
7.221176250000000000e+05
7.205591875000000000e+05
7.190085625000000000e+05
7.174651250000000000e+05
7.159294375000000000e+05
7.144009375000000000e+05
7.128800625000000000e+05
7.113662500000000000e+05
7.098600000000000000e+05
7.083606875000000000e+05
7.068688750000000000e+05
7.053839375000000000e+05
7.039064375000000000e+05
7.024357500000000000e+05
7.009723125000000000e+05
6.995156250000000000e+05
6.980661875000000000e+05
6.966233125000000000e+05
6.951876250000000000e+05
6.937585000000000000e+05
6.923364375000000000e+05
6.909208750000000000e+05
6.895122500000000000e+05
6.881100000000000000e+05
6.867146875000000000e+05
6.853256875000000000e+05
6.839435000000000000e+05
6.825675625000000000e+05
6.811983125000000000e+05
6.798352500000000000e+05
6.784788750000000000e+05
6.771285625000000000e+05
6.757848750000000000e+05
6.744471250000000000e+05
6.731158750000000000e+05
6.717906250000000000e+05
6.704717500000000000e+05
6.691587500000000000e+05
6.678521250000000000e+05
6.665511875000000000e+05
6.652566250000000000e+05
6.639677500000000000e+05
6.626850625000000000e+05
6.614080625000000000e+05
6.601371250000000000e+05
6.588718125000000000e+05
6.576125000000000000e+05
6.563587500000000000e+05
6.551109375000000000e+05
6.538685625000000000e+05
6.526321250000000000e+05
6.514010000000000000e+05
6.501758125000000000e+05
6.489558125000000000e+05
6.477416875000000000e+05
6.465326875000000000e+05
6.453295000000000000e+05
6.441313750000000000e+05
6.429389375000000000e+05
6.417516250000000000e+05
6.405698750000000000e+05
6.393930625000000000e+05
6.382218750000000000e+05
6.370555625000000000e+05
6.358948125000000000e+05
6.347388750000000000e+05
6.335883125000000000e+05
6.324426250000000000e+05
6.313022500000000000e+05
6.301666250000000000e+05
6.290363125000000000e+05
6.279106250000000000e+05
6.267902500000000000e+05
6.256744375000000000e+05
6.245638125000000000e+05
6.234577500000000000e+05
6.223568125000000000e+05
6.212603125000000000e+05
6.201689375000000000e+05
6.190820000000000000e+05
6.180000000000000000e+05
6.169224375000000000e+05
6.158498125000000000e+05
6.147815000000000000e+05
6.137180625000000000e+05
6.126589375000000000e+05
6.116045625000000000e+05
6.105545000000000000e+05
6.095091250000000000e+05
6.084679375000000000e+05
6.074315000000000000e+05
6.063991250000000000e+05
6.053714375000000000e+05
6.043478125000000000e+05
6.033288125000000000e+05
6.023137500000000000e+05
6.013033125000000000e+05
6.002968125000000000e+05
5.992948125000000000e+05
5.982967500000000000e+05
5.973030625000000000e+05
5.963133125000000000e+05
5.953279375000000000e+05
5.943463125000000000e+05
5.933691250000000000e+05
5.923956250000000000e+05
5.914265000000000000e+05
5.904610000000000000e+05
5.894998125000000000e+05
5.885422500000000000e+05
5.875889375000000000e+05
5.866392500000000000e+05
5.856936875000000000e+05
5.847516875000000000e+05
5.838138750000000000e+05
5.828795000000000000e+05
5.819492500000000000e+05
5.810224375000000000e+05
5.800996875000000000e+05
5.791803125000000000e+05
5.782650000000000000e+05
5.773530000000000000e+05
5.764450000000000000e+05
5.755403125000000000e+05
5.746395625000000000e+05
5.737420625000000000e+05
5.728485000000000000e+05
5.719581250000000000e+05
5.710715625000000000e+05
5.701882500000000000e+05
5.693086875000000000e+05
5.684323125000000000e+05
5.675596875000000000e+05
5.666901875000000000e+05
5.658243750000000000e+05
5.649616875000000000e+05
5.641026250000000000e+05
5.632466250000000000e+05
5.623942500000000000e+05
5.615448750000000000e+05
5.606991250000000000e+05
5.598562500000000000e+05
5.590170625000000000e+05
5.581806875000000000e+05
5.573478750000000000e+05
5.565180000000000000e+05
5.556915625000000000e+05
5.548679375000000000e+05
5.540478125000000000e+05
5.532305000000000000e+05
5.524166250000000000e+05
5.516055000000000000e+05
5.507977500000000000e+05
5.499927500000000000e+05
5.491911250000000000e+05
5.483921875000000000e+05
5.475965625000000000e+05
5.468035625000000000e+05
5.460139375000000000e+05
5.452268750000000000e+05
5.444431250000000000e+05
5.436619375000000000e+05
5.428839375000000000e+05
5.421085625000000000e+05
5.413363750000000000e+05
5.405666875000000000e+05
5.398001875000000000e+05
5.390361875000000000e+05
5.382753125000000000e+05
5.375168750000000000e+05
5.367615625000000000e+05
5.360086875000000000e+05
5.352589375000000000e+05
5.345115000000000000e+05
5.337671875000000000e+05
5.330251875000000000e+05
5.322862500000000000e+05
5.315495625000000000e+05
5.308160000000000000e+05
5.300846250000000000e+05
5.293563125000000000e+05
5.286301875000000000e+05
5.279070625000000000e+05
5.271861875000000000e+05
5.264681875000000000e+05
5.257524375000000000e+05
5.250395625000000000e+05
5.243288750000000000e+05
5.236210625000000000e+05
5.229154062500000000e+05
5.222125625000000000e+05
5.215118750000000000e+05
5.208140000000000000e+05
5.201182187500000000e+05
5.194252500000000000e+05
5.187343125000000000e+05
5.180461875000000000e+05
5.173600625000000000e+05
5.166767187500000000e+05
5.159953750000000000e+05
5.153167812500000000e+05
5.146401562500000000e+05
5.139662187500000000e+05
5.132942500000000000e+05
5.126250000000000000e+05
5.119576562500000000e+05
5.112929687500000000e+05
5.106301875000000000e+05
5.099700625000000000e+05
5.093118125000000000e+05
5.086561875000000000e+05
5.080024062500000000e+05
5.073512187500000000e+05
5.067018750000000000e+05
5.060551250000000000e+05
5.054101562500000000e+05
5.047677500000000000e+05
5.041271562500000000e+05
5.034890625000000000e+05
5.028527500000000000e+05
5.022189687500000000e+05
5.015869062500000000e+05
5.009573437500000000e+05
5.003295000000000000e+05
4.997041250000000000e+05
4.990804687500000000e+05
4.984592500000000000e+05
4.978396875000000000e+05
4.972225937500000000e+05
4.966071562500000000e+05
4.959941250000000000e+05
4.953827187500000000e+05
4.947737187500000000e+05
4.941663437500000000e+05
4.935613125000000000e+05
4.929579062500000000e+05
4.923568750000000000e+05
4.917573750000000000e+05
4.911602500000000000e+05
4.905646562500000000e+05
4.899714062500000000e+05
4.893796875000000000e+05
4.887902812500000000e+05
4.882023750000000000e+05
4.876167500000000000e+05
4.870326562500000000e+05
4.864508125000000000e+05
4.858704375000000000e+05
4.852923437500000000e+05
4.847156875000000000e+05
4.841412812500000000e+05
4.835683125000000000e+05
4.829975625000000000e+05
4.824282500000000000e+05
4.818611250000000000e+05
4.812954375000000000e+05
4.807319062500000000e+05
4.801697812500000000e+05
4.796098437500000000e+05
4.790512500000000000e+05
4.784948437500000000e+05
4.779397812500000000e+05
4.773868437500000000e+05
4.768352500000000000e+05
4.762858125000000000e+05
4.757376875000000000e+05
4.751916562500000000e+05
4.746469375000000000e+05
4.741043437500000000e+05
4.735630312500000000e+05
4.730237812500000000e+05
4.724858125000000000e+05
4.719499375000000000e+05
4.714152812500000000e+05
4.708827187500000000e+05
4.703513750000000000e+05
4.698220937500000000e+05
4.692940312500000000e+05
4.687680000000000000e+05
4.682431875000000000e+05
4.677203750000000000e+05
4.671987812500000000e+05
4.666791875000000000e+05
4.661607500000000000e+05
4.656443437500000000e+05
4.651290937500000000e+05
4.646157812500000000e+05
4.641036875000000000e+05
4.635935000000000000e+05
4.630845000000000000e+05
4.625774062500000000e+05
4.620715000000000000e+05
4.615674687500000000e+05
4.610645937500000000e+05
4.605636250000000000e+05
4.600637812500000000e+05
4.595658437500000000e+05
4.590689687500000000e+05
4.585740312500000000e+05
4.580801562500000000e+05
4.575881562500000000e+05
4.570972500000000000e+05
4.566081875000000000e+05
4.561201875000000000e+05
4.556340625000000000e+05
4.551489687500000000e+05
4.546657187500000000e+05
4.541835312500000000e+05
4.537031562500000000e+05
4.532238125000000000e+05
4.527462812500000000e+05
4.522697812500000000e+05
4.517950625000000000e+05
4.513213750000000000e+05
4.508494687500000000e+05
4.503785625000000000e+05
4.499094375000000000e+05
4.494413125000000000e+05
4.489749375000000000e+05
4.485095312500000000e+05
4.480459062500000000e+05
4.475832500000000000e+05
4.471223437500000000e+05
4.466623750000000000e+05
4.462041250000000000e+05
4.457468437500000000e+05
4.452913125000000000e+05
4.448366875000000000e+05
4.443837812500000000e+05
4.439318125000000000e+05
4.434815312500000000e+05
4.430321562500000000e+05
4.425845000000000000e+05
4.421377500000000000e+05
4.416926875000000000e+05
4.412485000000000000e+05
4.408060000000000000e+05
4.403643750000000000e+05
4.399244375000000000e+05
4.394853750000000000e+05
4.390479687500000000e+05
4.386114062500000000e+05
4.381765000000000000e+05
4.377424687500000000e+05
4.373100625000000000e+05
4.368785000000000000e+05
4.364485937500000000e+05
4.360195000000000000e+05
4.355920312500000000e+05
4.351653750000000000e+05
4.347403437500000000e+05
4.343161562500000000e+05
4.338935625000000000e+05
4.334717500000000000e+05
4.330515625000000000e+05
4.326321562500000000e+05
4.322143437500000000e+05
4.317973437500000000e+05
4.313819062500000000e+05
4.309672500000000000e+05
4.305541875000000000e+05
4.301418750000000000e+05
4.297311250000000000e+05
4.293211562500000000e+05
4.289127187500000000e+05
4.285050937500000000e+05
4.280989687500000000e+05
4.276935937500000000e+05
4.272897812500000000e+05
4.268866875000000000e+05
4.264851250000000000e+05
4.260843437500000000e+05
4.256850312500000000e+05
4.252864687500000000e+05
4.248894062500000000e+05
4.244930937500000000e+05
4.240982812500000000e+05
4.237041562500000000e+05
4.233115312500000000e+05
4.229196562500000000e+05
4.225292187500000000e+05
4.221395312500000000e+05
4.217512812500000000e+05
4.213637500000000000e+05
4.209776875000000000e+05
4.205923125000000000e+05
4.202084062500000000e+05
4.198251875000000000e+05
4.194434062500000000e+05
4.190623125000000000e+05
4.186826562500000000e+05
4.183036875000000000e+05
4.179261562500000000e+05
4.175492812500000000e+05
4.171738437500000000e+05
4.167990625000000000e+05
4.164257187500000000e+05
4.160530000000000000e+05
4.156817187500000000e+05
4.153110937500000000e+05
4.149418437500000000e+05
4.145732812500000000e+05
4.142060937500000000e+05
4.138395625000000000e+05
4.134743750000000000e+05
4.131098750000000000e+05
4.127467500000000000e+05
4.123842187500000000e+05
4.120230937500000000e+05
4.116625937500000000e+05
4.113034687500000000e+05
4.109449375000000000e+05
4.105877812500000000e+05
4.102312500000000000e+05
4.098760625000000000e+05
4.095214687500000000e+05
4.091682500000000000e+05
4.088156250000000000e+05
4.084643125000000000e+05
4.081136250000000000e+05
4.077642812500000000e+05
4.074155000000000000e+05
4.070680625000000000e+05
4.067212187500000000e+05
4.063756875000000000e+05
4.060307500000000000e+05
4.056871250000000000e+05
4.053440937500000000e+05
4.050023437500000000e+05
4.046611562500000000e+05
4.043212812500000000e+05
4.039820000000000000e+05
4.036440000000000000e+05
4.033065625000000000e+05
4.029704062500000000e+05
4.026348125000000000e+05
4.023005000000000000e+05
4.019667500000000000e+05
4.016342500000000000e+05
4.013023437500000000e+05
4.009716562500000000e+05
4.006415625000000000e+05
4.003126875000000000e+05
3.999844062500000000e+05
3.996573437500000000e+05
3.993308437500000000e+05
3.990055625000000000e+05
3.986808437500000000e+05
3.983573437500000000e+05
3.980344062500000000e+05
3.977126875000000000e+05
3.973915000000000000e+05
3.970715312500000000e+05
3.967520937500000000e+05
3.964338750000000000e+05
3.961161875000000000e+05
3.957997187500000000e+05
3.954837812500000000e+05
3.951690312500000000e+05
3.948547812500000000e+05
3.945417500000000000e+05
3.942292500000000000e+05
3.939179375000000000e+05
3.936071250000000000e+05
3.932975000000000000e+05
3.929884062500000000e+05
3.926804687500000000e+05
3.923730312500000000e+05
3.920667812500000000e+05
3.917610625000000000e+05
3.914564687500000000e+05
3.911524062500000000e+05
3.908494687500000000e+05
3.905470625000000000e+05
3.902458125000000000e+05
3.899450312500000000e+05
3.896454062500000000e+05
3.893463125000000000e+05
3.890483125000000000e+05
3.887508437500000000e+05
3.884544687500000000e+05
3.881586250000000000e+05
3.878638750000000000e+05
3.875696250000000000e+05
3.872765000000000000e+05
3.869838750000000000e+05
3.866923437500000000e+05
3.864012812500000000e+05
3.861113437500000000e+05
3.858219062500000000e+05
3.855335625000000000e+05
3.852456875000000000e+05
3.849589062500000000e+05
3.846726250000000000e+05
3.843874062500000000e+05
3.841026875000000000e+05
3.838190312500000000e+05
3.835358750000000000e+05
3.832537500000000000e+05
3.829721562500000000e+05
3.826915937500000000e+05
3.824115000000000000e+05
3.821325000000000000e+05
3.818539375000000000e+05
3.815764375000000000e+05
3.812994375000000000e+05
3.810234687500000000e+05
3.807479375000000000e+05
3.804735000000000000e+05
3.801995000000000000e+05
3.799265312500000000e+05
3.796540625000000000e+05
3.793825937500000000e+05
3.791115937500000000e+05
3.788416250000000000e+05
3.785721250000000000e+05
3.783036250000000000e+05
3.780355937500000000e+05
3.777685937500000000e+05
3.775020312500000000e+05
3.772364687500000000e+05
3.769714062500000000e+05
3.767073125000000000e+05
3.764436562500000000e+05
3.761810312500000000e+05
3.759188437500000000e+05
3.756576562500000000e+05
3.753969062500000000e+05
3.751371562500000000e+05
3.748778750000000000e+05
3.746195312500000000e+05
3.743616562500000000e+05
3.741047812500000000e+05
3.738483125000000000e+05
3.735928437500000000e+05
3.733378125000000000e+05
3.730837187500000000e+05
3.728300937500000000e+05
3.725774375000000000e+05
3.723252187500000000e+05
3.720739375000000000e+05
3.718230937500000000e+05
3.715732187500000000e+05
3.713237812500000000e+05
3.710752812500000000e+05
3.708272187500000000e+05
3.705800937500000000e+05
3.703334062500000000e+05
3.700876562500000000e+05
3.698423437500000000e+05
3.695979375000000000e+05
3.693540000000000000e+05
3.691109687500000000e+05
3.688683437500000000e+05
3.686266562500000000e+05
3.683854062500000000e+05
3.681450937500000000e+05
3.679051562500000000e+05
3.676661562500000000e+05
3.674275937500000000e+05
3.671899062500000000e+05
3.669526875000000000e+05
3.667163437500000000e+05
3.664804062500000000e+05
3.662453750000000000e+05
3.660107812500000000e+05
3.657770625000000000e+05
3.655437812500000000e+05
3.653113750000000000e+05
3.650793750000000000e+05
3.648482812500000000e+05
3.646175937500000000e+05
3.643877812500000000e+05
3.641583750000000000e+05
3.639298437500000000e+05
3.637017500000000000e+05
3.634745000000000000e+05
3.632476562500000000e+05
3.630216875000000000e+05
3.627961562500000000e+05
3.625714375000000000e+05
3.623471562500000000e+05
3.621237500000000000e+05
3.619007187500000000e+05
3.616785312500000000e+05
3.614567812500000000e+05
3.612358750000000000e+05
3.610153437500000000e+05
3.607956875000000000e+05
3.605764375000000000e+05
3.603580000000000000e+05
3.601399687500000000e+05
3.599227812500000000e+05
3.597060000000000000e+05
3.594900312500000000e+05
3.592744687500000000e+05
3.590597187500000000e+05
3.588454062500000000e+05
3.586318750000000000e+05
3.584187500000000000e+05
3.582064375000000000e+05
3.579945625000000000e+05
3.577834375000000000e+05
3.575727500000000000e+05
3.573628750000000000e+05
3.571533750000000000e+05
3.569446562500000000e+05
3.567363750000000000e+05
3.565288750000000000e+05
3.563217812500000000e+05
3.561154375000000000e+05
3.559095312500000000e+05
3.557043750000000000e+05
3.554996562500000000e+05
3.552956875000000000e+05
3.550921250000000000e+05
3.548893437500000000e+05
3.546869375000000000e+05
3.544853125000000000e+05
3.542840937500000000e+05
3.540836250000000000e+05
3.538835625000000000e+05
3.536842500000000000e+05
3.534853437500000000e+05
3.532871875000000000e+05
3.530894375000000000e+05
3.528924062500000000e+05
3.526958125000000000e+05
3.524999375000000000e+05
3.523044687500000000e+05
3.521097187500000000e+05
3.519153750000000000e+05
3.517217500000000000e+05
3.515285625000000000e+05
3.513360625000000000e+05
3.511440000000000000e+05
3.509526250000000000e+05
3.507616562500000000e+05
3.505714062500000000e+05
3.503815625000000000e+05
3.501924062500000000e+05
3.500036875000000000e+05
3.498156562500000000e+05
3.496280000000000000e+05
