1.660874339123200000e+13
-1.197680721920000000e+11
-1.365568102400000000e+10
-1.694732083200000000e+10
-4.489184768000000000e+09
-5.676217344000000000e+09
-2.110144256000000000e+09
-2.607635968000000000e+09
-1.198023680000000000e+09
-1.423572480000000000e+09
-7.609139840000000000e+08
-8.676035200000000000e+08
-5.198808320000000000e+08
-5.708974720000000000e+08
-3.738020800000000000e+08
-3.974945920000000000e+08
-2.791059200000000000e+08
-2.890125120000000000e+08
-2.145575520000000000e+08
-2.174489120000000000e+08
-1.688152320000000000e+08
-1.681891680000000000e+08
-1.353782240000000000e+08
-1.330783360000000000e+08
-1.103066560000000000e+08
-1.073119200000000000e+08
-9.110258400000000000e+07
-8.792905600000000000e+07
-7.612268800000000000e+07
-7.303456000000000000e+07
-6.425199600000000000e+07
-6.137553600000000000e+07
-5.471402400000000000e+07
-5.210017600000000000e+07
-4.695578800000000000e+07
-4.461506800000000000e+07
-4.057570400000000000e+07
-3.849777200000000000e+07
-3.527709600000000000e+07
-3.344171800000000000e+07
-3.083739200000000000e+07
-2.922053800000000000e+07
-2.708731600000000000e+07
-2.566443200000000000e+07
-2.389648000000000000e+07
-2.264421000000000000e+07
-2.116330800000000000e+07
-2.006028000000000000e+07
-1.880783200000000000e+07
-1.783493200000000000e+07
-1.676647000000000000e+07
-1.590686500000000000e+07
-1.498821800000000000e+07
-1.422721800000000000e+07
-1.343181800000000000e+07
-1.275667800000000000e+07
-1.206362800000000000e+07
-1.146332900000000000e+07
-1.085602300000000000e+07
-1.032105800000000000e+07
-9.786161000000000000e+06
-9.308334000000000000e+06
-8.835031000000000000e+06
-8.407273000000000000e+06
-7.986720000000000000e+06
-7.602933000000000000e+06
-7.227833000000000000e+06
-6.882747000000000000e+06
-6.547032000000000000e+06
-6.236088000000000000e+06
-5.934674500000000000e+06
-5.653920000000000000e+06
-5.382522500000000000e+06
-5.128526000000000000e+06
-4.883507000000000000e+06
-4.653280000000000000e+06
-4.431534000000000000e+06
-4.222470500000000000e+06
-4.021333000000000000e+06
-3.831155000000000000e+06
-3.648327750000000000e+06
-3.475038500000000000e+06
-3.308530250000000000e+06
-3.150377000000000000e+06
-2.998454250000000000e+06
-2.853893250000000000e+06
-2.715042750000000000e+06
-2.582712500000000000e+06
-2.455606750000000000e+06
-2.334303250000000000e+06
-2.217775000000000000e+06
-2.106431000000000000e+06
-1.999449250000000000e+06
-1.897117750000000000e+06
-1.798770500000000000e+06
-1.704608250000000000e+06
-1.614085250000000000e+06
-1.527340250000000000e+06
-1.443921250000000000e+06
-1.363922000000000000e+06
-1.286963750000000000e+06
-1.213109000000000000e+06
-1.142036500000000000e+06
-1.073786875000000000e+06
-1.008085000000000000e+06
-9.449558125000000000e+05
-8.841616875000000000e+05
-8.257170000000000000e+05
-7.694144375000000000e+05
-7.152610625000000000e+05
-6.630744375000000000e+05
-6.128571875000000000e+05
-5.644476250000000000e+05
-5.178455000000000000e+05
-4.729062500000000000e+05
-4.296280000000000000e+05
-3.878815000000000000e+05
-3.476635000000000000e+05
-3.088572500000000000e+05
-2.714595000000000000e+05
-2.353643750000000000e+05
-2.005685000000000000e+05
-1.669758750000000000e+05
-1.345833750000000000e+05
-1.033031250000000000e+05
-7.313237500000000000e+04
-4.399112500000000000e+04
-1.587650000000000000e+04
1.128475000000000000e+04
3.749450000000000000e+04
6.282087500000000000e+04
8.726462500000000000e+04
1.108890000000000000e+05
1.336941250000000000e+05
1.557383750000000000e+05
1.770215000000000000e+05
1.975975625000000000e+05
2.174661250000000000e+05
2.366770000000000000e+05
2.552295000000000000e+05
2.731698750000000000e+05
2.904973750000000000e+05
3.072545000000000000e+05
3.234403750000000000e+05
3.390949375000000000e+05
3.542167500000000000e+05
3.688428750000000000e+05
3.829717500000000000e+05
3.966381250000000000e+05
4.098400625000000000e+05
4.226101250000000000e+05
4.349462500000000000e+05
4.468785625000000000e+05
4.584052500000000000e+05
4.695545000000000000e+05
4.803241250000000000e+05
4.907406875000000000e+05
5.008017500000000000e+05
5.105323750000000000e+05
5.199301250000000000e+05
5.290182500000000000e+05
5.377944375000000000e+05
5.462805000000000000e+05
5.544741250000000000e+05
5.623956875000000000e+05
5.700429375000000000e+05
5.774351250000000000e+05
5.845697500000000000e+05
5.914650000000000000e+05
5.981185000000000000e+05
6.045472500000000000e+05
6.107486875000000000e+05
6.167392500000000000e+05
6.225162500000000000e+05
6.280950000000000000e+05
6.334730625000000000e+05
6.386647500000000000e+05
6.436676250000000000e+05
6.484953750000000000e+05
6.531453750000000000e+05
6.576306250000000000e+05
6.619488125000000000e+05
6.661118125000000000e+05
6.701175000000000000e+05
6.739771250000000000e+05
6.776886250000000000e+05
6.812626250000000000e+05
6.846972500000000000e+05
6.880022500000000000e+05
6.911757500000000000e+05
6.942274375000000000e+05
6.971550000000000000e+05
6.999676875000000000e+05
7.026636250000000000e+05
7.052512500000000000e+05
7.077286250000000000e+05
7.101040000000000000e+05
7.123754375000000000e+05
7.145505000000000000e+05
7.166276250000000000e+05
7.186140625000000000e+05
7.205078750000000000e+05
7.223161250000000000e+05
7.240371250000000000e+05
7.256773750000000000e+05
7.272351250000000000e+05
7.287168750000000000e+05
7.301207500000000000e+05
7.314527500000000000e+05
7.327112500000000000e+05
7.339020625000000000e+05
7.350235625000000000e+05
7.360810000000000000e+05
7.370730000000000000e+05
7.380045625000000000e+05
7.388743750000000000e+05
7.396871875000000000e+05
7.404416250000000000e+05
7.411422500000000000e+05
7.417877500000000000e+05
7.423824375000000000e+05
7.429251250000000000e+05
7.434198750000000000e+05
7.438655000000000000e+05
7.442658750000000000e+05
7.446198750000000000e+05
7.449311250000000000e+05
7.451985000000000000e+05
7.454256875000000000e+05
7.456114375000000000e+05
7.457591250000000000e+05
7.458678125000000000e+05
7.459406875000000000e+05
7.459766250000000000e+05
7.459787500000000000e+05
7.459460000000000000e+05
7.458813750000000000e+05
7.457839375000000000e+05
7.456563750000000000e+05
7.454978125000000000e+05
7.453108750000000000e+05
7.450946875000000000e+05
7.448518125000000000e+05
7.445812500000000000e+05
7.442856250000000000e+05
7.439638125000000000e+05
7.436183750000000000e+05
7.432484375000000000e+05
7.428561250000000000e+05
7.424406250000000000e+05
7.420042500000000000e+05
7.415459375000000000e+05
7.410679375000000000e+05
7.405693750000000000e+05
7.400523125000000000e+05
7.395158750000000000e+05
7.389618750000000000e+05
7.383897500000000000e+05
7.378012500000000000e+05
7.371955625000000000e+05
7.365745625000000000e+05
7.359374375000000000e+05
7.352858750000000000e+05
7.346191250000000000e+05
7.339389375000000000e+05
7.332445000000000000e+05
7.325373750000000000e+05
7.318170000000000000e+05
7.310846875000000000e+05
7.303398125000000000e+05
7.295840000000000000e+05
7.288163750000000000e+05
7.280384375000000000e+05
7.272495000000000000e+05
7.264508750000000000e+05
7.256420625000000000e+05
7.248242500000000000e+05
7.239968750000000000e+05
7.231610625000000000e+05
7.223163750000000000e+05
7.214638750000000000e+05
7.206030000000000000e+05
7.197349375000000000e+05
7.188591250000000000e+05
7.179766250000000000e+05
7.170868750000000000e+05
7.161910625000000000e+05
7.152884375000000000e+05
7.143802500000000000e+05
7.134657500000000000e+05
7.125461250000000000e+05
7.116206875000000000e+05
7.106905000000000000e+05
7.097549375000000000e+05
7.088150625000000000e+05
7.078703125000000000e+05
7.069216250000000000e+05
7.059684375000000000e+05
7.050116250000000000e+05
7.040507500000000000e+05
7.030865625000000000e+05
7.021186250000000000e+05
7.011478750000000000e+05
7.001736250000000000e+05
6.991968125000000000e+05
6.982168750000000000e+05
6.972348125000000000e+05
6.962498750000000000e+05
6.952628750000000000e+05
6.942734375000000000e+05
6.932823125000000000e+05
6.922890000000000000e+05
6.912941250000000000e+05
6.902973750000000000e+05
6.892994375000000000e+05
6.882997500000000000e+05
6.872990625000000000e+05
6.862969375000000000e+05
6.852940625000000000e+05
6.842900000000000000e+05
6.832852500000000000e+05
6.822795000000000000e+05
6.812735000000000000e+05
6.802666250000000000e+05
6.792595000000000000e+05
6.782518125000000000e+05
6.772441250000000000e+05
6.762360000000000000e+05
6.752280000000000000e+05
6.742197500000000000e+05
6.732118750000000000e+05
6.722037500000000000e+05
6.711961875000000000e+05
6.701886875000000000e+05
6.691818125000000000e+05
6.681750000000000000e+05
6.671691250000000000e+05
6.661633750000000000e+05
6.651586875000000000e+05
6.641543125000000000e+05
6.631510625000000000e+05
6.621482500000000000e+05
6.611466250000000000e+05
6.601456875000000000e+05
6.591460000000000000e+05
6.581470000000000000e+05
6.571494375000000000e+05
6.561527500000000000e+05
6.551574375000000000e+05
6.541631250000000000e+05
6.531703750000000000e+05
6.521786875000000000e+05
6.511886250000000000e+05
6.501996250000000000e+05
6.492124375000000000e+05
6.482263750000000000e+05
6.472421250000000000e+05
6.462592500000000000e+05
6.452781250000000000e+05
6.442983750000000000e+05
6.433205625000000000e+05
6.423441875000000000e+05
6.413698125000000000e+05
6.403969375000000000e+05
6.394260625000000000e+05
6.384567500000000000e+05
6.374895000000000000e+05
6.365238750000000000e+05
6.355604375000000000e+05
6.345986250000000000e+05
6.336390000000000000e+05
6.326811250000000000e+05
6.317254375000000000e+05
6.307715000000000000e+05
6.298198750000000000e+05
6.288700000000000000e+05
6.279224375000000000e+05
6.269767500000000000e+05
6.260334375000000000e+05
6.250918750000000000e+05
6.241528125000000000e+05
6.232155625000000000e+05
6.222808125000000000e+05
6.213479375000000000e+05
6.204175000000000000e+05
6.194890000000000000e+05
6.185630000000000000e+05
6.176389375000000000e+05
6.167175000000000000e+05
6.157978750000000000e+05
6.148808750000000000e+05
6.139658750000000000e+05
6.130534375000000000e+05
6.121430000000000000e+05
6.112351875000000000e+05
6.103292500000000000e+05
6.094260625000000000e+05
6.085248750000000000e+05
6.076262500000000000e+05
6.067297500000000000e+05
6.058358750000000000e+05
6.049440625000000000e+05
6.040548125000000000e+05
6.031676875000000000e+05
6.022832500000000000e+05
6.014008125000000000e+05
6.005211250000000000e+05
5.996433750000000000e+05
5.987685000000000000e+05
5.978955625000000000e+05
5.970253750000000000e+05
5.961571875000000000e+05
5.952918125000000000e+05
5.944283750000000000e+05
5.935677500000000000e+05
5.927091875000000000e+05
5.918533750000000000e+05
5.909995000000000000e+05
5.901484375000000000e+05
5.892993750000000000e+05
5.884531250000000000e+05
5.876088750000000000e+05
5.867673750000000000e+05
5.859279375000000000e+05
5.850911875000000000e+05
5.842565000000000000e+05
5.834246250000000000e+05
5.825946250000000000e+05
5.817675000000000000e+05
5.809423750000000000e+05
5.801200000000000000e+05
5.792995625000000000e+05
5.784819375000000000e+05
5.776662500000000000e+05
5.768533750000000000e+05
5.760425000000000000e+05
5.752342500000000000e+05
5.744280625000000000e+05
5.736246250000000000e+05
5.728231250000000000e+05
5.720243750000000000e+05
5.712276250000000000e+05
5.704335000000000000e+05
5.696414375000000000e+05
5.688520000000000000e+05
5.680645625000000000e+05
5.672798125000000000e+05
5.664970000000000000e+05
5.657168750000000000e+05
5.649386875000000000e+05
5.641632500000000000e+05
5.633895625000000000e+05
5.626186875000000000e+05
5.618496875000000000e+05
5.610833750000000000e+05
5.603190000000000000e+05
5.595571875000000000e+05
5.587973125000000000e+05
5.580400625000000000e+05
5.572846250000000000e+05
5.565319375000000000e+05
5.557810000000000000e+05
5.550328125000000000e+05
5.542863750000000000e+05
5.535426250000000000e+05
5.528005625000000000e+05
5.520612500000000000e+05
5.513237500000000000e+05
5.505888125000000000e+05
5.498556250000000000e+05
5.491251875000000000e+05
5.483963750000000000e+05
5.476701875000000000e+05
5.469457500000000000e+05
5.462239375000000000e+05
5.455037500000000000e+05
5.447863125000000000e+05
5.440704375000000000e+05
5.433572500000000000e+05
5.426456875000000000e+05
5.419367500000000000e+05
5.412294375000000000e+05
5.405247500000000000e+05
5.398216250000000000e+05
5.391211250000000000e+05
5.384222500000000000e+05
5.377258750000000000e+05
5.370311250000000000e+05
5.363390000000000000e+05
5.356483750000000000e+05
5.349603125000000000e+05
5.342738750000000000e+05
5.335898750000000000e+05
5.329075000000000000e+05
5.322276250000000000e+05
5.315492500000000000e+05
5.308734375000000000e+05
5.301990000000000000e+05
5.295272500000000000e+05
5.288568750000000000e+05
5.281890625000000000e+05
5.275226875000000000e+05
5.268588750000000000e+05
5.261963750000000000e+05
5.255364375000000000e+05
5.248779375000000000e+05
5.242219375000000000e+05
5.235673125000000000e+05
5.229151562500000000e+05
5.222643750000000000e+05
5.216161250000000000e+05
5.209691875000000000e+05
5.203247187500000000e+05
5.196815625000000000e+05
5.190409375000000000e+05
5.184015625000000000e+05
5.177646875000000000e+05
5.171290625000000000e+05
5.164958750000000000e+05
5.158640312500000000e+05
5.152345937500000000e+05
5.146063750000000000e+05
5.139806562500000000e+05
5.133561250000000000e+05
5.127340312500000000e+05
5.121131250000000000e+05
5.114946875000000000e+05
5.108774062500000000e+05
5.102625937500000000e+05
5.096488750000000000e+05
5.090376562500000000e+05
5.084275000000000000e+05
5.078198125000000000e+05
5.072131562500000000e+05
5.066090625000000000e+05
5.060059062500000000e+05
5.054052812500000000e+05
5.048056250000000000e+05
5.042084375000000000e+05
5.036123125000000000e+05
5.030185312500000000e+05
5.024258437500000000e+05
5.018355000000000000e+05
5.012461875000000000e+05
5.006592500000000000e+05
5.000733437500000000e+05
4.994897500000000000e+05
4.989071875000000000e+05
4.983269687500000000e+05
4.977477187500000000e+05
4.971708437500000000e+05
4.965948750000000000e+05
4.960213125000000000e+05
4.954485937500000000e+05
4.948782812500000000e+05
4.943088750000000000e+05
4.937418125000000000e+05
4.931756250000000000e+05
4.926117500000000000e+05
4.920487500000000000e+05
4.914881250000000000e+05
4.909283125000000000e+05
4.903708437500000000e+05
4.898141875000000000e+05
4.892598750000000000e+05
4.887063437500000000e+05
4.881551562500000000e+05
4.876047500000000000e+05
4.870566250000000000e+05
4.865093125000000000e+05
4.859643125000000000e+05
4.854200312500000000e+05
4.848780937500000000e+05
4.843368750000000000e+05
4.837979375000000000e+05
4.832597500000000000e+05
4.827238437500000000e+05
4.821886250000000000e+05
4.816557187500000000e+05
4.811234687500000000e+05
4.805935312500000000e+05
4.800642500000000000e+05
4.795372500000000000e+05
4.790108437500000000e+05
4.784867812500000000e+05
4.779633437500000000e+05
4.774421562500000000e+05
4.769215937500000000e+05
4.764032812500000000e+05
4.758855937500000000e+05
4.753701250000000000e+05
4.748552812500000000e+05
4.743426875000000000e+05
4.738306250000000000e+05
4.733208750000000000e+05
4.728115937500000000e+05
4.723046250000000000e+05
4.717981562500000000e+05
4.712939687500000000e+05
4.707902500000000000e+05
4.702888125000000000e+05
4.697878437500000000e+05
4.692891250000000000e+05
4.687908750000000000e+05
4.682949062500000000e+05
4.677993437500000000e+05
4.673060312500000000e+05
4.668131562500000000e+05
4.663225312500000000e+05
4.658323437500000000e+05
4.653443750000000000e+05
4.648568125000000000e+05
4.643714687500000000e+05
4.638865312500000000e+05
4.634038437500000000e+05
4.629215000000000000e+05
4.624414062500000000e+05
4.619616562500000000e+05
4.614841250000000000e+05
4.610069062500000000e+05
4.605319687500000000e+05
4.600573437500000000e+05
4.595849375000000000e+05
4.591128125000000000e+05
4.586429375000000000e+05
4.581733437500000000e+05
4.577059687500000000e+05
4.572388750000000000e+05
4.567740000000000000e+05
4.563093750000000000e+05
4.558469687500000000e+05
4.553848125000000000e+05
4.549248750000000000e+05
4.544651562500000000e+05
4.540076562500000000e+05
4.535503437500000000e+05
4.530952812500000000e+05
4.526404062500000000e+05
4.521877500000000000e+05
4.517352187500000000e+05
4.512849687500000000e+05
4.508348750000000000e+05
4.503869375000000000e+05
4.499392187500000000e+05
4.494936562500000000e+05
4.490482500000000000e+05
4.486050312500000000e+05
4.481619687500000000e+05
4.477210937500000000e+05
4.472803125000000000e+05
4.468417500000000000e+05
4.464033125000000000e+05
4.459670625000000000e+05
4.455308437500000000e+05
4.450968750000000000e+05
4.446629375000000000e+05
4.442312500000000000e+05
4.437995625000000000e+05
4.433700937500000000e+05
4.429406562500000000e+05
4.425134375000000000e+05
4.420862187500000000e+05
4.416611875000000000e+05
4.412362187500000000e+05
4.408134062500000000e+05
4.403905937500000000e+05
4.399700000000000000e+05
4.395493750000000000e+05
4.391309062500000000e+05
4.387124687500000000e+05
4.382961875000000000e+05
4.378798750000000000e+05
4.374657500000000000e+05
4.370515937500000000e+05
4.366395937500000000e+05
4.362275312500000000e+05
4.358176875000000000e+05
4.354077500000000000e+05
4.350000000000000000e+05
4.345921562500000000e+05
4.341864687500000000e+05
4.337807187500000000e+05
4.333771562500000000e+05
4.329734687500000000e+05
4.325719687500000000e+05
4.321703125000000000e+05
4.317708750000000000e+05
4.313712500000000000e+05
4.309738750000000000e+05
4.305763125000000000e+05
4.301809687500000000e+05
4.297854062500000000e+05
4.293920625000000000e+05
4.289985000000000000e+05
4.286071562500000000e+05
4.282156250000000000e+05
4.278262812500000000e+05
4.274367187500000000e+05
4.270493437500000000e+05
4.266617500000000000e+05
4.262763437500000000e+05
4.258907187500000000e+05
4.255073125000000000e+05
4.251235937500000000e+05
4.247421250000000000e+05
4.243603437500000000e+05
4.239807812500000000e+05
4.236009687500000000e+05
4.232233437500000000e+05
4.228454062500000000e+05
4.224696875000000000e+05
4.220936562500000000e+05
4.217198437500000000e+05
4.213457187500000000e+05
4.209737812500000000e+05
4.206015312500000000e+05
4.202315000000000000e+05
4.198610937500000000e+05
4.194929062500000000e+05
4.191243750000000000e+05
4.187580312500000000e+05
4.183913750000000000e+05
4.180269062500000000e+05
4.176620312500000000e+05
4.172994062500000000e+05
4.169363437500000000e+05
4.165755312500000000e+05
4.162143437500000000e+05
4.158553125000000000e+05
4.154959062500000000e+05
4.151387187500000000e+05
4.147810937500000000e+05
4.144257187500000000e+05
4.140698437500000000e+05
4.137162187500000000e+05
4.133621875000000000e+05
4.130103125000000000e+05
4.126580312500000000e+05
4.123079375000000000e+05
4.119574062500000000e+05
4.116090625000000000e+05
4.112602812500000000e+05
4.109136875000000000e+05
4.105666250000000000e+05
4.102217812500000000e+05
4.098764375000000000e+05
4.095333125000000000e+05
4.091896875000000000e+05
4.088482812500000000e+05
4.085063750000000000e+05
4.081666562500000000e+05
4.078264375000000000e+05
4.074884375000000000e+05
4.071498750000000000e+05
4.068135937500000000e+05
4.064767187500000000e+05
4.061420625000000000e+05
4.058069062500000000e+05
4.054739375000000000e+05
4.051404375000000000e+05
4.048090937500000000e+05
4.044772187500000000e+05
4.041475937500000000e+05
4.038173437500000000e+05
4.034893437500000000e+05
4.031607500000000000e+05
4.028343750000000000e+05
4.025074062500000000e+05
4.021826562500000000e+05
4.018573125000000000e+05
4.015341875000000000e+05
4.012104375000000000e+05
4.008889375000000000e+05
4.005667812500000000e+05
4.002468437500000000e+05
3.999263125000000000e+05
3.996080000000000000e+05
3.992890000000000000e+05
3.989722812500000000e+05
3.986548750000000000e+05
3.983397187500000000e+05
3.980239062500000000e+05
3.977103125000000000e+05
3.973960625000000000e+05
3.970840312500000000e+05
3.967713125000000000e+05
3.964608125000000000e+05
3.961496875000000000e+05
3.958407500000000000e+05
3.955311250000000000e+05
3.952237187500000000e+05
3.949156250000000000e+05
3.946097812500000000e+05
3.943031875000000000e+05
3.939988437500000000e+05
3.936937812500000000e+05
3.933909375000000000e+05
3.930874062500000000e+05
3.927860625000000000e+05
3.924840312500000000e+05
3.921841875000000000e+05
3.918836562500000000e+05
3.915853125000000000e+05
3.912862187500000000e+05
3.909893750000000000e+05
3.906917812500000000e+05
3.903964375000000000e+05
3.901002812500000000e+05
3.898064062500000000e+05
3.895117187500000000e+05
3.892192812500000000e+05
3.889260625000000000e+05
3.886350937500000000e+05
3.883433437500000000e+05
3.880538437500000000e+05
3.877634687500000000e+05
3.874754062500000000e+05
3.871865312500000000e+05
3.868998750000000000e+05
3.866124375000000000e+05
3.863272187500000000e+05
3.860411875000000000e+05
3.857573750000000000e+05
3.854727500000000000e+05
3.851903750000000000e+05
3.849071875000000000e+05
3.846261875000000000e+05
3.843444062500000000e+05
3.840648125000000000e+05
3.837844062500000000e+05
3.835062500000000000e+05
3.832271875000000000e+05
3.829504062500000000e+05
3.826727812500000000e+05
3.823973750000000000e+05
3.821211250000000000e+05
3.818470937500000000e+05
3.815722187500000000e+05
3.812995625000000000e+05
3.810260000000000000e+05
3.807547187500000000e+05
3.804825625000000000e+05
3.802126250000000000e+05
3.799417812500000000e+05
3.796731875000000000e+05
3.794037187500000000e+05
3.791365000000000000e+05
3.788683437500000000e+05
3.786024687500000000e+05
3.783356562500000000e+05
3.780710937500000000e+05
3.778056250000000000e+05
3.775423750000000000e+05
3.772782187500000000e+05
3.770162812500000000e+05
3.767534687500000000e+05
3.764928437500000000e+05
3.762313125000000000e+05
3.759720312500000000e+05
3.757117812500000000e+05
3.754537812500000000e+05
3.751948750000000000e+05
3.749381875000000000e+05
3.746805000000000000e+05
3.744251250000000000e+05
3.741687500000000000e+05
3.739146562500000000e+05
3.736595937500000000e+05
3.734067500000000000e+05
3.731529375000000000e+05
3.729013750000000000e+05
3.726488437500000000e+05
3.723985625000000000e+05
3.721472812500000000e+05
3.718982812500000000e+05
3.716482500000000000e+05
3.714004687500000000e+05
3.711517187500000000e+05
3.709052187500000000e+05
3.706576875000000000e+05
3.704124375000000000e+05
3.701661250000000000e+05
3.699221250000000000e+05
3.696770625000000000e+05
3.694342812500000000e+05
3.691905000000000000e+05
3.689489375000000000e+05
3.687063437500000000e+05
3.684660312500000000e+05
3.682246562500000000e+05
3.679855625000000000e+05
3.677454062500000000e+05
3.675075000000000000e+05
3.672685625000000000e+05
3.670319062500000000e+05
3.667941562500000000e+05
3.665586875000000000e+05
3.663221250000000000e+05
3.660878437500000000e+05
3.658525000000000000e+05
3.656194375000000000e+05
3.653852812500000000e+05
3.651533750000000000e+05
3.649204062500000000e+05
3.646897187500000000e+05
3.644579375000000000e+05
3.642283750000000000e+05
3.639977812500000000e+05
3.637694375000000000e+05
3.635399687500000000e+05
3.633127812500000000e+05
3.630845000000000000e+05
3.628585000000000000e+05
3.626313437500000000e+05
3.624065000000000000e+05
3.621805312500000000e+05
3.619568125000000000e+05
3.617320000000000000e+05
3.615094687500000000e+05
3.612857812500000000e+05
3.610643750000000000e+05
3.608418437500000000e+05
3.606215625000000000e+05
3.604001562500000000e+05
3.601810312500000000e+05
3.599607500000000000e+05
3.597427812500000000e+05
3.595236250000000000e+05
3.593067500000000000e+05
3.590887187500000000e+05
3.588729687500000000e+05
3.586560625000000000e+05
3.584414375000000000e+05
3.582256250000000000e+05
3.580120937500000000e+05
3.577974375000000000e+05
3.575850000000000000e+05
3.573714062500000000e+05
3.571601250000000000e+05
3.569476250000000000e+05
3.567373750000000000e+05
3.565260000000000000e+05
3.563169062500000000e+05
3.561065625000000000e+05
3.558985625000000000e+05
3.556893437500000000e+05
3.554824062500000000e+05
3.552742500000000000e+05
3.550684062500000000e+05
3.548613437500000000e+05
3.546565625000000000e+05
3.544505625000000000e+05
3.542468437500000000e+05
3.540419375000000000e+05
3.538392812500000000e+05
3.536354062500000000e+05
3.534338125000000000e+05
3.532310312500000000e+05
3.530304687500000000e+05
3.528287500000000000e+05
3.526292812500000000e+05
3.524285625000000000e+05
3.522301250000000000e+05
3.520305000000000000e+05
3.518331250000000000e+05
3.516345312500000000e+05
3.514381562500000000e+05
3.512405937500000000e+05
3.510452812500000000e+05
3.508487812500000000e+05
3.506545000000000000e+05
3.504590000000000000e+05
3.502657500000000000e+05
3.500712500000000000e+05
3.498790625000000000e+05
3.496855937500000000e+05
3.494944062500000000e+05
3.493019375000000000e+05
3.491117812500000000e+05
3.489203437500000000e+05
3.487311875000000000e+05
3.485407812500000000e+05
3.483525937500000000e+05
3.481631875000000000e+05
3.479760625000000000e+05
3.477876250000000000e+05
3.476014687500000000e+05
3.474140312500000000e+05
3.472288750000000000e+05
3.470424687500000000e+05
3.468582812500000000e+05
3.466728750000000000e+05
3.464896875000000000e+05
3.463052187500000000e+05
3.461230312500000000e+05
3.459395625000000000e+05
3.457583437500000000e+05
3.455758437500000000e+05
3.453956250000000000e+05
3.452140625000000000e+05
