5.675223827362060547e+00
6.256688594818115234e+00
6.839097976684570312e+00
7.421305656433105469e+00
8.002410888671875000e+00
8.581704139709472656e+00
9.158627510070800781e+00
9.732743263244628906e+00
1.030371093750000000e+01
1.087126541137695312e+01
1.143520545959472656e+01
1.199537754058837891e+01
1.255167102813720703e+01
1.310400867462158203e+01
1.365233612060546875e+01
1.419662475585937500e+01
1.473686218261718750e+01
1.527305126190185547e+01
1.580520534515380859e+01
1.633334732055664062e+01
1.685750770568847656e+01
1.737772560119628906e+01
1.789404296875000000e+01
1.840650367736816406e+01
1.891515922546386719e+01
1.942005920410156250e+01
1.992125892639160156e+01
2.041880989074707031e+01
2.091276741027832031e+01
2.140319061279296875e+01
2.189013099670410156e+01
2.237364578247070312e+01
2.285379219055175781e+01
2.333062362670898438e+01
2.380419349670410156e+01
2.427455711364746094e+01
2.474176788330078125e+01
2.520587921142578125e+01
2.566693878173828125e+01
2.612500190734863281e+01
2.658011627197265625e+01
2.703232955932617188e+01
2.748169136047363281e+01
2.792824745178222656e+01
2.837204551696777344e+01
2.881312942504882812e+01
2.925154495239257812e+01
2.968733215332031250e+01
3.012053489685058594e+01
3.055119514465332031e+01
3.097935104370117188e+01
3.140504646301269531e+01
3.182831573486328125e+01
3.224919891357421875e+01
3.266773223876953125e+01
3.308395004272460938e+01
3.349789047241210938e+01
3.390958786010742188e+01
3.431907272338867188e+01
3.472638320922851562e+01
3.513154602050781250e+01
3.553459930419921875e+01
3.593556594848632812e+01
3.633448410034179688e+01
3.673137664794921875e+01
3.712627792358398438e+01
3.751921081542968750e+01
3.791020965576171875e+01
3.829929351806640625e+01
3.868649673461914062e+01
3.907183837890625000e+01
3.945534896850585938e+01
3.983704757690429688e+01
4.021696472167968750e+01
4.059512329101562500e+01
4.097154235839843750e+01
4.134624862670898438e+01
4.171926116943359375e+01
4.209060668945312500e+01
4.246030044555664062e+01
4.282836914062500000e+01
4.319483184814453125e+01
4.355970382690429688e+01
4.392301177978515625e+01
4.428477096557617188e+01
4.464500427246093750e+01
4.500372695922851562e+01
4.536095809936523438e+01
4.571671295166015625e+01
4.607101440429687500e+01
4.642387390136718750e+01
4.677531433105468750e+01
4.712535095214843750e+01
4.747399520874023438e+01
4.782126617431640625e+01
4.816718292236328125e+01
4.851175689697265625e+01
4.885500335693359375e+01
4.919693756103515625e+01
4.953757858276367188e+01
4.987693023681640625e+01
5.021501922607421875e+01
5.055184936523437500e+01
5.088743972778320312e+01
5.122180175781250000e+01
5.155494689941406250e+01
5.188689422607421875e+01
5.221764755249023438e+01
5.254722595214843750e+01
5.287564086914062500e+01
5.320290374755859375e+01
5.352902221679687500e+01
5.385401535034179688e+01
5.417789077758789062e+01
5.450065612792968750e+01
5.482233047485351562e+01
5.514291763305664062e+01
5.546243286132812500e+01
5.578088378906250000e+01
5.609828186035156250e+01
5.641463851928710938e+01
5.672996139526367188e+01
5.704426193237304688e+01
5.735755157470703125e+01
5.766983795166015625e+01
5.798112869262695312e+01
5.829143524169921875e+01
5.860076522827148438e+01
5.890913391113281250e+01
5.921654129028320312e+01
5.952299880981445312e+01
5.982852172851562500e+01
6.013311004638671875e+01
6.043677520751953125e+01
6.073952484130859375e+01
6.104136657714843750e+01
6.134231185913085938e+01
6.164236831665039062e+01
6.194153976440429688e+01
6.223983383178710938e+01
6.253726196289062500e+01
6.283382797241210938e+01
6.312954330444335938e+01
6.342441177368164062e+01
6.371844482421875000e+01
6.401164245605468750e+01
6.430401611328125000e+01
6.459557342529296875e+01
6.488632202148437500e+01
6.517626190185546875e+01
6.546540832519531250e+01
6.575376129150390625e+01
6.604132843017578125e+01
6.632811737060546875e+01
6.661413574218750000e+01
6.689938354492187500e+01
6.718387603759765625e+01
6.746761322021484375e+01
6.775060272216796875e+01
6.803284454345703125e+01
6.831436157226562500e+01
6.859513854980468750e+01
6.887519073486328125e+01
6.915452575683593750e+01
6.943315124511718750e+01
6.971105957031250000e+01
6.998827362060546875e+01
7.026477813720703125e+01
7.054059600830078125e+01
7.081572723388671875e+01
7.109017944335937500e+01
7.136394500732421875e+01
7.163704681396484375e+01
7.190947723388671875e+01
7.218124389648437500e+01
7.245234680175781250e+01
7.272280883789062500e+01
7.299261474609375000e+01
7.326177215576171875e+01
7.353029632568359375e+01
7.379818725585937500e+01
7.406544494628906250e+01
7.433207702636718750e+01
7.459808349609375000e+01
7.486347961425781250e+01
7.512825775146484375e+01
7.539242553710937500e+01
7.565599822998046875e+01
7.591896057128906250e+01
7.618132781982421875e+01
7.644310760498046875e+01
7.670429229736328125e+01
7.696489715576171875e+01
7.722491455078125000e+01
7.748435974121093750e+01
7.774323272705078125e+01
7.800153350830078125e+01
7.825926971435546875e+01
7.851644897460937500e+01
7.877306365966796875e+01
7.902912902832031250e+01
7.928463745117187500e+01
7.953959655761718750e+01
7.979402160644531250e+01
8.004789733886718750e+01
8.030123901367187500e+01
8.055404663085937500e+01
8.080632019042968750e+01
8.105807495117187500e+01
8.130929565429687500e+01
8.156000518798828125e+01
8.181018829345703125e+01
8.205986785888671875e+01
8.230902862548828125e+01
8.255767822265625000e+01
8.280583190917968750e+01
8.305348205566406250e+01
8.330062866210937500e+01
8.354727935791015625e+01
8.379344177246093750e+01
8.403910827636718750e+01
8.428429412841796875e+01
8.452899169921875000e+01
8.477320861816406250e+01
8.501695251464843750e+01
8.526021575927734375e+01
8.550300598144531250e+01
8.574532318115234375e+01
8.598717498779296875e+01
8.622856140136718750e+01
8.646949005126953125e+01
8.670995330810546875e+01
8.694996643066406250e+01
8.718952178955078125e+01
8.742862701416015625e+01
8.766728210449218750e+01
8.790548706054687500e+01
8.814324951171875000e+01
8.838056945800781250e+01
8.861745452880859375e+01
8.885389709472656250e+01
8.908991241455078125e+01
8.932548522949218750e+01
8.956063842773437500e+01
8.979535675048828125e+01
9.002965545654296875e+01
9.026352691650390625e+01
9.049698638916015625e+01
9.073001861572265625e+01
9.096263885498046875e+01
9.119484710693359375e+01
9.142663574218750000e+01
9.165802001953125000e+01
9.188899993896484375e+01
9.211956787109375000e+01
9.234973907470703125e+01
9.257950592041015625e+01
9.280887603759765625e+01
9.303784942626953125e+01
9.326642608642578125e+01
9.349461364746093750e+01
9.372240447998046875e+01
9.394981384277343750e+01
9.417682647705078125e+01
9.440346527099609375e+01
9.462971496582031250e+01
9.485558319091796875e+01
9.508107757568359375e+01
9.530619049072265625e+01
9.553092956542968750e+01
9.575529479980468750e+01
9.597928619384765625e+01
9.620291137695312500e+01
9.642617034912109375e+01
9.664906311035156250e+01
9.687158203125000000e+01
9.709375000000000000e+01
9.731555175781250000e+01
9.753699493408203125e+01
9.775807952880859375e+01
9.797881317138671875e+01
9.819918823242187500e+01
9.841921997070312500e+01
9.863889312744140625e+01
9.885821533203125000e+01
9.907719421386718750e+01
9.929582977294921875e+01
9.951412200927734375e+01
9.973206329345703125e+01
9.994967651367187500e+01
1.001669387817382812e+02
1.003838729858398438e+02
1.006004638671875000e+02
1.008167266845703125e+02
1.010326538085937500e+02
1.012482452392578125e+02
1.014635086059570312e+02
1.016784515380859375e+02
1.018930587768554688e+02
1.021073455810546875e+02
1.023213043212890625e+02
1.025349426269531250e+02
1.027482604980468750e+02
1.029612579345703125e+02
1.031739349365234375e+02
1.033862991333007812e+02
1.035983505249023438e+02
1.038100814819335938e+02
1.040215072631835938e+02
1.042326126098632812e+02
1.044434127807617188e+02
1.046539077758789062e+02
1.048640899658203125e+02
1.050739746093750000e+02
1.052835464477539062e+02
1.054928207397460938e+02
1.057017898559570312e+02
1.059104537963867188e+02
1.061188278198242188e+02
1.063268966674804688e+02
1.065346755981445312e+02
1.067421493530273438e+02
1.069493408203125000e+02
1.071562347412109375e+02
1.073628311157226562e+02
1.075691452026367188e+02
1.077751617431640625e+02
1.079808959960937500e+02
1.081863403320312500e+02
1.083915023803710938e+02
1.085963745117187500e+02
1.088009719848632812e+02
1.090052795410156250e+02
1.092093124389648438e+02
1.094130554199218750e+02
1.096165313720703125e+02
1.098197250366210938e+02
1.100226364135742188e+02
1.102252807617187500e+02
1.104276504516601562e+02
1.106297378540039062e+02
1.108315582275390625e+02
1.110331115722656250e+02
1.112343902587890625e+02
1.114354019165039062e+02
1.116361465454101562e+02
1.118366241455078125e+02
1.120368347167968750e+02
1.122367858886718750e+02
1.124364700317382812e+02
1.126358871459960938e+02
1.128350448608398438e+02
1.130339508056640625e+02
1.132325897216796875e+02
1.134309692382812500e+02
1.136290893554687500e+02
1.138269577026367188e+02
1.140245666503906250e+02
1.142219238281250000e+02
1.144190292358398438e+02
1.146158752441406250e+02
1.148124771118164062e+02
1.150088272094726562e+02
1.152049255371093750e+02
1.154007720947265625e+02
1.155963745117187500e+02
1.157917327880859375e+02
1.159868392944335938e+02
1.161817016601562500e+02
1.163763198852539062e+02
1.165706939697265625e+02
1.167648315429687500e+02
1.169587249755859375e+02
1.171523742675781250e+02
1.173457870483398438e+02
1.175389556884765625e+02
1.177318954467773438e+02
1.179245910644531250e+02
1.181170501708984375e+02
1.183092727661132812e+02
1.185012664794921875e+02
1.186930236816406250e+02
1.188845520019531250e+02
1.190758438110351562e+02
1.192669067382812500e+02
1.194577331542968750e+02
1.196483383178710938e+02
1.198387069702148438e+02
1.200288543701171875e+02
1.202187728881835938e+02
1.204084625244140625e+02
1.205979232788085938e+02
1.207871627807617188e+02
1.209761810302734375e+02
1.211649780273437500e+02
1.213535461425781250e+02
1.215418930053710938e+02
1.217300262451171875e+02
1.219179306030273438e+02
1.221056213378906250e+02
1.222930908203125000e+02
1.224803466796875000e+02
1.226673812866210938e+02
1.228541946411132812e+02
1.230408020019531250e+02
1.232271881103515625e+02
1.234133605957031250e+02
1.235993194580078125e+02
1.237850723266601562e+02
1.239706039428710938e+02
1.241559295654296875e+02
1.243410415649414062e+02
1.245259475708007812e+02
1.247106399536132812e+02
1.248951263427734375e+02
1.250794067382812500e+02
1.252634735107421875e+02
1.254473419189453125e+02
1.256309967041015625e+02
1.258144531250000000e+02
1.259976959228515625e+02
1.261807403564453125e+02
1.263635864257812500e+02
1.265462265014648438e+02
1.267286605834960938e+02
1.269108963012695312e+02
1.270929336547851562e+02
1.272747726440429688e+02
1.274564056396484375e+02
1.276378402709960938e+02
1.278190841674804688e+02
1.280001220703125000e+02
1.281809692382812500e+02
1.283616180419921875e+02
1.285420684814453125e+02
1.287223358154296875e+02
1.289024047851562500e+02
1.290822753906250000e+02
1.292619476318359375e+02
1.294414367675781250e+02
1.296207275390625000e+02
1.297998352050781250e+02
1.299787445068359375e+02
1.301574707031250000e+02
1.303359985351562500e+02
1.305143432617187500e+02
1.306924896240234375e+02
1.308704681396484375e+02
1.310482482910156250e+02
1.312258453369140625e+02
1.314032440185546875e+02
1.315804748535156250e+02
1.317575073242187500e+02
1.319343566894531250e+02
1.321110229492187500e+02
1.322875213623046875e+02
1.324638214111328125e+02
1.326399383544921875e+02
1.328158721923828125e+02
1.329916381835937500e+02
1.331672210693359375e+02
1.333426055908203125e+02
1.335178375244140625e+02
1.336928710937500000e+02
1.338677368164062500e+02
1.340424194335937500e+02
1.342169189453125000e+02
1.343912506103515625e+02
1.345653991699218750e+02
1.347393798828125000e+02
1.349131774902343750e+02
1.350868072509765625e+02
1.352602691650390625e+02
1.354335479736328125e+02
1.356066436767578125e+02
1.357795867919921875e+02
1.359523468017578125e+02
1.361249237060546875e+02
1.362973480224609375e+02
1.364695892333984375e+02
1.366416778564453125e+02
1.368135833740234375e+02
1.369853210449218750e+02
1.371568908691406250e+02
1.373282775878906250e+02
1.374995117187500000e+02
1.376705780029296875e+02
1.378414764404296875e+02
1.380122070312500000e+02
1.381827697753906250e+02
1.383531799316406250e+02
1.385234069824218750e+02
1.386934814453125000e+02
1.388633880615234375e+02
1.390331268310546875e+02
1.392026977539062500e+02
1.393721160888671875e+02
1.395413665771484375e+02
1.397104644775390625e+02
1.398793945312500000e+02
1.400481567382812500e+02
1.402167663574218750e+02
1.403852233886718750e+02
1.405535125732421875e+02
1.407216339111328125e+02
1.408896026611328125e+02
1.410574188232421875e+02
1.412250671386718750e+02
1.413925628662109375e+02
1.415599060058593750e+02
1.417270812988281250e+02
1.418941040039062500e+02
1.420609741210937500e+02
1.422276916503906250e+02
1.423942413330078125e+02
1.425606536865234375e+02
1.427268981933593750e+02
1.428929901123046875e+02
1.430589447021484375e+02
1.432247314453125000e+02
1.433903656005859375e+02
1.435558471679687500e+02
1.437211761474609375e+02
1.438863525390625000e+02
1.440513916015625000e+02
1.442162628173828125e+02
1.443809967041015625e+02
1.445455780029296875e+02
1.447099914550781250e+02
1.448742828369140625e+02
1.450384063720703125e+02
1.452023925781250000e+02
1.453662261962890625e+02
1.455299072265625000e+02
1.456934509277343750e+02
1.458568420410156250e+02
1.460200805664062500e+02
1.461831817626953125e+02
1.463461303710937500e+02
1.465089416503906250e+02
1.466716003417968750e+02
1.468341217041015625e+02
1.469965057373046875e+02
1.471587219238281250e+02
1.473208160400390625e+02
1.474827575683593750e+02
1.476445617675781250e+02
1.478062133789062500e+02
1.479677276611328125e+02
1.481291046142578125e+02
1.482903289794921875e+02
1.484514160156250000e+02
1.486123657226562500e+02
1.487731781005859375e+02
1.489338531494140625e+02
1.490943756103515625e+02
1.492547607421875000e+02
1.494150085449218750e+02
1.495751190185546875e+02
1.497350921630859375e+02
1.498949279785156250e+02
1.500546264648437500e+02
1.502141876220703125e+02
1.503736114501953125e+02
1.505328979492187500e+02
1.506920471191406250e+02
1.508510589599609375e+02
1.510099334716796875e+02
1.511686706542968750e+02
1.513272857666015625e+02
1.514857482910156250e+02
1.516440887451171875e+02
1.518022918701171875e+02
1.519603576660156250e+02
1.521183013916015625e+02
1.522760925292968750e+02
1.524337615966796875e+02
1.525913085937500000e+02
1.527487030029296875e+02
1.529059753417968750e+02
1.530631103515625000e+02
1.532201232910156250e+02
1.533769989013671875e+02
1.535337524414062500e+02
1.536903686523437500e+02
1.538468475341796875e+02
1.540032043457031250e+02
1.541594238281250000e+02
1.543155212402343750e+02
1.544714965820312500e+02
1.546273345947265625e+02
1.547830352783203125e+02
1.549386291503906250e+02
1.550940704345703125e+02
1.552494049072265625e+02
1.554046020507812500e+02
1.555596771240234375e+02
1.557146148681640625e+02
1.558694458007812500e+02
1.560241241455078125e+02
1.561786956787109375e+02
1.563331451416015625e+02
1.564874572753906250e+02
1.566416473388671875e+02
1.567957153320312500e+02
1.569496612548828125e+02
1.571034698486328125e+02
1.572571716308593750e+02
1.574107360839843750e+02
1.575641784667968750e+02
1.577174987792968750e+02
1.578706970214843750e+02
1.580237884521484375e+02
1.581767425537109375e+02
1.583295745849609375e+02
1.584822845458984375e+02
1.586348724365234375e+02
1.587873382568359375e+02
1.589396820068359375e+02
1.590919189453125000e+02
1.592440185546875000e+02
1.593960113525390625e+02
1.595478668212890625e+02
1.596996154785156250e+02
1.598512420654296875e+02
1.600027465820312500e+02
1.601541442871093750e+02
1.603054199218750000e+02
1.604565582275390625e+02
1.606076049804687500e+02
1.607585144042968750e+02
1.609093170166015625e+02
1.610599975585937500e+02
1.612105560302734375e+02
1.613610076904296875e+02
1.615113372802734375e+02
1.616615447998046875e+02
1.618116455078125000e+02
1.619616241455078125e+02
1.621114959716796875e+02
1.622612457275390625e+02
1.624108734130859375e+02
1.625603942871093750e+02
1.627097930908203125e+02
1.628590850830078125e+02
1.630082702636718750e+02
1.631573333740234375e+02
1.633062744140625000e+02
1.634551086425781250e+02
1.636038360595703125e+02
1.637524414062500000e+02
1.639009399414062500e+02
1.640493164062500000e+02
1.641975860595703125e+02
1.643457489013671875e+02
1.644937896728515625e+02
1.646417236328125000e+02
1.647895507812500000e+02
1.649372558593750000e+02
1.650848541259765625e+02
1.652323455810546875e+02
1.653797302246093750e+02
1.655269927978515625e+02
1.656741485595703125e+02
1.658211975097656250e+02
1.659681396484375000e+02
1.661149749755859375e+02
1.662616882324218750e+02
1.664082946777343750e+02
1.665548095703125000e+02
1.667012023925781250e+02
1.668474884033203125e+02
1.669936523437500000e+02
1.671397247314453125e+02
1.672856903076171875e+02
1.674315490722656250e+02
1.675772857666015625e+02
1.677229309082031250e+02
1.678684539794921875e+02
1.680138854980468750e+02
1.681591949462890625e+02
1.683044128417968750e+02
1.684495239257812500e+02
1.685945129394531250e+02
1.687394104003906250e+02
1.688842010498046875e+02
1.690288848876953125e+02
1.691734619140625000e+02
1.693179473876953125e+02
1.694623107910156250e+02
1.696065673828125000e+02
1.697507324218750000e+02
1.698947906494140625e+02
1.700387420654296875e+02
1.701825866699218750e+02
1.703263397216796875e+02
1.704699859619140625e+02
1.706135101318359375e+02
1.707569580078125000e+02
1.709002838134765625e+02
1.710435180664062500e+02
1.711866455078125000e+02
1.713296661376953125e+02
1.714725952148437500e+02
1.716154174804687500e+02
1.717581329345703125e+02
1.719007568359375000e+02
1.720432739257812500e+02
1.721856994628906250e+02
1.723280181884765625e+02
1.724702301025390625e+02
1.726123504638671875e+02
1.727543640136718750e+02
1.728962707519531250e+02
1.730380859375000000e+02
1.731798095703125000e+02
1.733214263916015625e+02
1.734629364013671875e+02
1.736043548583984375e+02
1.737456817626953125e+02
1.738869018554687500e+02
1.740280151367187500e+02
1.741690368652343750e+02
1.743099670410156250e+02
1.744507904052734375e+02
1.745915222167968750e+02
1.747321624755859375e+02
1.748726959228515625e+02
1.750131225585937500e+02
1.751534729003906250e+02
1.752937164306640625e+02
1.754338531494140625e+02
1.755739135742187500e+02
1.757138671875000000e+02
1.758537139892578125e+02
1.759934844970703125e+02
1.761331481933593750e+02
1.762727050781250000e+02
1.764121856689453125e+02
1.765515594482421875e+02
1.766908416748046875e+02
1.768300323486328125e+02
1.769691314697265625e+02
1.771081237792968750e+02
1.772470245361328125e+02
1.773858337402343750e+02
1.775245513916015625e+02
1.776631774902343750e+02
1.778016967773437500e+02
1.779401397705078125e+02
1.780784759521484375e+02
1.782167205810546875e+02
1.783548736572265625e+02
1.784929351806640625e+02
1.786309051513671875e+02
1.787687683105468750e+02
1.789065551757812500e+02
1.790442504882812500e+02
1.791818389892578125e+02
1.793193511962890625e+02
1.794567565917968750e+02
1.795940856933593750e+02
1.797313079833984375e+02
1.798684539794921875e+02
1.800054931640625000e+02
1.801424560546875000e+02
1.802793121337890625e+02
1.804160919189453125e+02
1.805527801513671875e+02
1.806893615722656250e+02
1.808258666992187500e+02
1.809622802734375000e+02
1.810986022949218750e+02
1.812348327636718750e+02
1.813709716796875000e+02
1.815070343017578125e+02
1.816429901123046875e+02
1.817788696289062500e+02
1.819146575927734375e+02
1.820503540039062500e+02
1.821859588623046875e+02
1.823214721679687500e+02
1.824569091796875000e+02
1.825922546386718750e+02
1.827275085449218750e+02
1.828626708984375000e+02
1.829977416992187500e+02
1.831327362060546875e+02
1.832676391601562500e+02
1.834024505615234375e+02
1.835371704101562500e+02
1.836718139648437500e+02
1.838063659667968750e+02
1.839408416748046875e+02
1.840752105712890625e+02
1.842095031738281250e+02
1.843437194824218750e+02
1.844778289794921875e+02
1.846118621826171875e+02
1.847458190917968750e+02
1.848796844482421875e+02
1.850134582519531250e+02
1.851471405029296875e+02
1.852807464599609375e+02
1.854142608642578125e+02
1.855476989746093750e+02
1.856810455322265625e+02
1.858143157958984375e+02
1.859474945068359375e+02
1.860805969238281250e+02
1.862136077880859375e+02
1.863465270996093750e+02
1.864793701171875000e+02
1.866121215820312500e+02
1.867447967529296875e+02
1.868773956298828125e+02
1.870099029541015625e+02
1.871423187255859375e+02
1.872746582031250000e+02
1.874069213867187500e+02
1.875390930175781250e+02
1.876711730957031250e+02
1.878031768798828125e+02
1.879351043701171875e+02
1.880669555664062500e+02
1.881987152099609375e+02
1.883303833007812500e+02
1.884619750976562500e+02
1.885934906005859375e+02
1.887249298095703125e+02
1.888562774658203125e+02
1.889875335693359375e+02
1.891187286376953125e+02
1.892498321533203125e+02
1.893808441162109375e+02
1.895117950439453125e+02
1.896426544189453125e+02
1.897734375000000000e+02
1.899041290283203125e+02
1.900347442626953125e+02
1.901652832031250000e+02
1.902957458496093750e+02
1.904261169433593750e+02
1.905564117431640625e+02
1.906866302490234375e+02
1.908167724609375000e+02
1.909468231201171875e+02
1.910767974853515625e+02
1.912066955566406250e+02
1.913365173339843750e+02
1.914662628173828125e+02
1.915959167480468750e+02
1.917254943847656250e+02
1.918549957275390625e+02
1.919844207763671875e+02
1.921137695312500000e+02
1.922430419921875000e+02
1.923722229003906250e+02
1.925013275146484375e+02
1.926303558349609375e+02
1.927593078613281250e+02
1.928881835937500000e+02
1.930169830322265625e+02
1.931457061767578125e+02
1.932743530273437500e+02
1.934029083251953125e+02
1.935314025878906250e+02
1.936598052978515625e+02
1.937881469726562500e+02
1.939163970947265625e+02
1.940445709228515625e+02
1.941726837158203125e+02
1.943007049560546875e+02
1.944286499023437500e+02
1.945565185546875000e+02
1.946843261718750000e+02
1.948120422363281250e+02
1.949396820068359375e+02
1.950672454833984375e+02
1.951947479248046875e+02
1.953221588134765625e+02
1.954495086669921875e+02
1.955767669677734375e+02
1.957039642333984375e+02
1.958310699462890625e+02
1.959581146240234375e+02
1.960850830078125000e+02
1.962119598388671875e+02
1.963387756347656250e+02
1.964655151367187500e+02
1.965921783447265625e+02
1.967187805175781250e+02
1.968452911376953125e+02
1.969717407226562500e+02
1.970980987548828125e+02
1.972243957519531250e+02
1.973506164550781250e+02
1.974767608642578125e+02
1.976028289794921875e+02
1.977288360595703125e+02
1.978547668457031250e+02
1.979806060791015625e+02
1.981063842773437500e+02
1.982321014404296875e+02
1.983577270507812500e+02
1.984832916259765625e+02
1.986087799072265625e+02
1.987341918945312500e+02
1.988595275878906250e+02
1.989848022460937500e+02
1.991100006103515625e+02
1.992351226806640625e+02
1.993601684570312500e+02
1.994851531982421875e+02
1.996100616455078125e+02
1.997348937988281250e+02
1.998596649169921875e+02
1.999843444824218750e+02
2.001089782714843750e+02
2.002335205078125000e+02
2.003580017089843750e+02
2.004824066162109375e+02
2.006067352294921875e+02
2.007310028076171875e+02
2.008551940917968750e+02
2.009793243408203125e+02
2.011033782958984375e+02
2.012273559570312500e+02
2.013512725830078125e+02
2.014751129150390625e+02
2.015988769531250000e+02
2.017225799560546875e+02
2.018462066650390625e+02
2.019697570800781250e+02
2.020932464599609375e+02
2.022166748046875000e+02
2.023400268554687500e+02
2.024633026123046875e+02
2.025865173339843750e+02
2.027096557617187500e+02
2.028327178955078125e+02
2.029557342529296875e+02
2.030786590576171875e+02
2.032015228271484375e+02
2.033243255615234375e+02
2.034470520019531250e+02
2.035697021484375000e+02
2.036922912597656250e+02
2.038148193359375000e+02
2.039372711181640625e+02
2.040596466064453125e+02
2.041819610595703125e+02
2.043042144775390625e+02
2.044263916015625000e+02
2.045484924316406250e+02
2.046705474853515625e+02
2.047925109863281250e+02
2.049144287109375000e+02
2.050362701416015625e+02
2.051580352783203125e+02
2.052797393798828125e+02
2.054013824462890625e+02
2.055229492187500000e+02
2.056444549560546875e+02
2.057658843994140625e+02
2.058872528076171875e+02
2.060085601806640625e+02
2.061297912597656250e+02
2.062509613037109375e+02
2.063720703125000000e+02
2.064931030273437500e+02
2.066140747070312500e+02
2.067349700927734375e+02
2.068558044433593750e+02
2.069765777587890625e+02
2.070972900390625000e+02
2.072179260253906250e+02
2.073385009765625000e+02
2.074589996337890625e+02
2.075794372558593750e+02
2.076998138427734375e+02
2.078201293945312500e+02
2.079403686523437500e+02
2.080605468750000000e+02
2.081806640625000000e+02
2.083007202148437500e+02
2.084207000732421875e+02
2.085406188964843750e+02
2.086604766845703125e+02
2.087802581787109375e+02
2.088999786376953125e+02
2.090196380615234375e+02
2.091392364501953125e+02
2.092587738037109375e+02
2.093782348632812500e+02
2.094976348876953125e+02
2.096169738769531250e+02
2.097362518310546875e+02
2.098554534912109375e+02
2.099746093750000000e+02
