4.512863769531250000e+02
4.510036010742187500e+02
4.507194824218750000e+02
4.504346618652343750e+02
4.501496887207031250e+02
4.498649291992187500e+02
4.495807800292968750e+02
4.492974853515625000e+02
4.490152282714843750e+02
4.487342529296875000e+02
4.484546508789062500e+02
4.481765747070312500e+02
4.479000549316406250e+02
4.476252136230468750e+02
4.473520812988281250e+02
4.470806884765625000e+02
4.468110656738281250e+02
4.465432434082031250e+02
4.462772521972656250e+02
4.460130310058593750e+02
4.457506408691406250e+02
4.454900207519531250e+02
4.452312316894531250e+02
4.449742126464843750e+02
4.447189636230468750e+02
4.444654541015625000e+02
4.442137145996093750e+02
4.439636535644531250e+02
4.437153015136718750e+02
4.434686279296875000e+02
4.432236022949218750e+02
4.429802246093750000e+02
4.427384338378906250e+02
4.424982299804687500e+02
4.422595825195312500e+02
4.420224914550781250e+02
4.417869262695312500e+02
4.415528564453125000e+02
4.413202514648437500e+02
4.410890808105468750e+02
4.408593750000000000e+02
4.406310424804687500e+02
4.404041137695312500e+02
4.401785583496093750e+02
4.399543151855468750e+02
4.397314453125000000e+02
4.395098571777343750e+02
4.392895507812500000e+02
4.390704956054687500e+02
4.388526916503906250e+02
4.386361389160156250e+02
4.384207763671875000e+02
4.382066040039062500e+02
4.379936218261718750e+02
4.377817993164062500e+02
4.375711059570312500e+02
4.373615112304687500e+02
4.371530456542968750e+02
4.369456787109375000e+02
4.367393798828125000e+02
4.365341491699218750e+02
4.363299560546875000e+02
4.361268005371093750e+02
4.359246520996093750e+02
4.357235107421875000e+02
4.355233459472656250e+02
4.353241577148437500e+02
4.351259460449218750e+02
4.349286804199218750e+02
4.347323303222656250e+02
4.345369262695312500e+02
4.343424072265625000e+02
4.341488037109375000e+02
4.339561157226562500e+02
4.337642517089843750e+02
4.335733032226562500e+02
4.333831787109375000e+02
4.331939086914062500e+02
4.330054626464843750e+02
4.328178405761718750e+02
4.326310119628906250e+02
4.324450073242187500e+02
4.322597961425781250e+02
4.320753479003906250e+02
4.318916931152343750e+02
4.317088012695312500e+02
4.315266418457031250e+02
4.313452453613281250e+02
4.311645812988281250e+02
4.309846496582031250e+02
4.308054199218750000e+02
4.306269226074218750e+02
4.304491271972656250e+02
4.302720031738281250e+02
4.300955810546875000e+02
4.299198608398437500e+02
4.297447814941406250e+02
4.295703735351562500e+02
4.293966369628906250e+02
4.292235412597656250e+02
4.290510864257812500e+02
4.288792724609375000e+02
4.287080688476562500e+02
4.285375061035156250e+02
4.283675537109375000e+02
4.281982116699218750e+02
4.280294799804687500e+02
4.278613281250000000e+02
4.276937866210937500e+02
4.275268249511718750e+02
4.273604431152343750e+02
4.271946411132812500e+02
4.270293884277343750e+02
4.268646850585937500e+02
4.267005615234375000e+02
4.265369873046875000e+02
4.263739624023437500e+02
4.262114562988281250e+02
4.260494995117187500e+02
4.258880615234375000e+02
4.257271728515625000e+02
4.255667724609375000e+02
4.254068908691406250e+02
4.252475280761718750e+02
4.250886840820312500e+02
4.249303283691406250e+02
4.247724609375000000e+02
4.246150817871093750e+02
4.244581909179687500e+02
4.243017883300781250e+02
4.241458740234375000e+02
4.239904174804687500e+02
4.238354492187500000e+02
4.236809082031250000e+02
4.235268554687500000e+02
4.233732604980468750e+02
4.232200927734375000e+02
4.230674133300781250e+02
4.229151611328125000e+02
4.227633361816406250e+02
4.226119689941406250e+02
4.224610290527343750e+02
4.223105163574218750e+02
4.221604309082031250e+02
4.220107421875000000e+02
4.218615112304687500e+02
4.217126770019531250e+02
4.215642700195312500e+02
4.214162597656250000e+02
4.212686462402343750e+02
4.211214599609375000e+02
4.209746704101562500e+02
4.208282470703125000e+02
4.206822509765625000e+02
4.205366210937500000e+02
4.203913879394531250e+02
4.202465209960937500e+02
4.201020507812500000e+02
4.199579772949218750e+02
4.198142395019531250e+02
4.196708984375000000e+02
4.195279235839843750e+02
4.193853149414062500e+02
4.192430725097656250e+02
4.191011657714843750e+02
4.189596557617187500e+02
4.188184814453125000e+02
4.186776428222656250e+02
4.185371704101562500e+02
4.183970642089843750e+02
4.182572631835937500e+02
4.181178283691406250e+02
4.179787292480468750e+02
4.178399963378906250e+02
4.177015686035156250e+02
4.175634765625000000e+02
4.174256896972656250e+02
4.172882690429687500e+02
4.171511535644531250e+02
4.170143737792968750e+02
4.168778991699218750e+02
4.167417602539062500e+02
4.166059265136718750e+02
4.164704284667968750e+02
4.163352050781250000e+02
4.162003173828125000e+02
4.160657348632812500e+02
4.159314575195312500e+02
4.157974853515625000e+02
4.156638183593750000e+02
4.155304565429687500e+02
4.153973693847656250e+02
4.152645874023437500e+02
4.151321105957031250e+02
4.149999084472656250e+02
4.148680114746093750e+02
4.147363891601562500e+02
4.146050720214843750e+02
4.144739990234375000e+02
4.143432617187500000e+02
4.142127685546875000e+02
4.140825805664062500e+02
4.139526367187500000e+02
4.138229980468750000e+02
4.136936035156250000e+02
4.135645141601562500e+02
4.134356689453125000e+02
4.133070983886718750e+02
4.131788024902343750e+02
4.130507812500000000e+02
4.129230041503906250e+02
4.127955017089843750e+02
4.126682434082031250e+02
4.125412597656250000e+02
4.124145202636718750e+02
4.122880554199218750e+02
4.121618347167968750e+02
4.120358581542968750e+02
4.119101562500000000e+02
4.117846679687500000e+02
4.116594543457031250e+02
4.115344848632812500e+02
4.114097595214843750e+02
4.112852783203125000e+02
4.111610107421875000e+02
4.110370178222656250e+02
4.109132690429687500e+02
4.107897338867187500e+02
4.106664428710937500e+02
4.105433959960937500e+02
4.104205932617187500e+02
4.102980041503906250e+02
4.101756591796875000e+02
4.100535278320312500e+02
4.099316406250000000e+02
4.098099670410156250e+02
4.096885375976562500e+02
4.095673217773437500e+02
4.094463195800781250e+02
4.093255615234375000e+02
4.092050170898437500e+02
4.090846862792968750e+02
4.089645690917968750e+02
4.088446960449218750e+02
4.087250061035156250e+02
4.086055603027343750e+02
4.084863281250000000e+02
4.083672790527343750e+02
4.082484741210937500e+02
4.081298522949218750e+02
4.080114746093750000e+02
4.078932800292968750e+02
4.077752990722656250e+02
4.076575317382812500e+02
4.075399475097656250e+02
4.074226074218750000e+02
4.073054199218750000e+02
4.071884765625000000e+02
4.070717163085937500e+02
4.069551696777343750e+02
4.068388061523437500e+02
4.067226562500000000e+02
4.066066894531250000e+02
4.064909057617187500e+02
4.063753356933593750e+02
4.062599792480468750e+02
4.061447753906250000e+02
4.060297851562500000e+02
4.059149780273437500e+02
4.058003845214843750e+02
4.056859741210937500e+02
4.055717163085937500e+02
4.054576721191406250e+02
4.053438415527343750e+02
4.052301635742187500e+02
4.051166687011718750e+02
4.050033569335937500e+02
4.048902282714843750e+02
4.047773132324218750e+02
4.046645507812500000e+02
4.045519714355468750e+02
4.044395751953125000e+02
4.043273620605468750e+02
4.042153015136718750e+02
4.041034545898437500e+02
4.039917602539062500e+02
4.038802490234375000e+02
4.037689208984375000e+02
4.036577453613281250e+02
4.035467529296875000e+02
4.034359436035156250e+02
4.033252868652343750e+02
4.032148132324218750e+02
4.031044921875000000e+02
4.029943542480468750e+02
4.028843994140625000e+02
4.027745971679687500e+02
4.026649475097656250e+02
4.025554809570312500e+02
4.024461669921875000e+02
4.023370361328125000e+02
4.022280578613281250e+02
4.021192321777343750e+02
4.020105895996093750e+02
4.019020996093750000e+02
4.017937622070312500e+02
4.016856079101562500e+02
4.015775756835937500e+02
4.014697265625000000e+02
4.013620300292968750e+02
4.012545166015625000e+02
4.011471252441406250e+02
4.010398864746093750e+02
4.009328308105468750e+02
4.008258972167968750e+02
4.007191467285156250e+02
4.006125488281250000e+02
4.005060729980468750e+02
4.003997802734375000e+02
4.002936401367187500e+02
4.001876220703125000e+02
4.000817871093750000e+02
3.999760742187500000e+02
3.998705139160156250e+02
3.997651062011718750e+02
3.996598510742187500e+02
3.995547485351562500e+02
3.994497680664062500e+02
3.993449707031250000e+02
3.992402954101562500e+02
3.991357421875000000e+02
3.990313720703125000e+02
3.989271240234375000e+02
3.988230285644531250e+02
3.987190551757812500e+02
3.986152648925781250e+02
3.985115661621093750e+02
3.984080505371093750e+02
3.983046569824218750e+02
3.982013854980468750e+02
3.980982666015625000e+02
3.979953002929687500e+02
3.978924560546875000e+02
3.977897338867187500e+02
3.976871643066406250e+02
3.975847473144531250e+02
3.974824523925781250e+02
3.973802795410156250e+02
3.972782592773437500e+02
3.971763610839843750e+02
3.970746154785156250e+02
3.969729614257812500e+02
3.968714904785156250e+02
3.967701110839843750e+02
3.966688842773437500e+02
3.965677795410156250e+02
3.964667968750000000e+02
3.963659667968750000e+02
3.962652587890625000e+02
3.961646728515625000e+02
3.960642089843750000e+02
3.959638977050781250e+02
3.958636779785156250e+02
3.957636108398437500e+02
3.956636657714843750e+02
3.955638427734375000e+02
3.954641418457031250e+02
3.953645629882812500e+02
3.952651367187500000e+02
3.951658020019531250e+02
3.950665893554687500e+02
3.949675292968750000e+02
3.948685607910156250e+02
3.947697448730468750e+02
3.946710205078125000e+02
3.945724487304687500e+02
3.944739685058593750e+02
3.943756103515625000e+02
3.942774047851562500e+02
3.941792907714843750e+02
3.940812988281250000e+02
3.939834289550781250e+02
3.938856811523437500e+02
3.937880249023437500e+02
3.936905212402343750e+02
3.935931091308593750e+02
3.934958496093750000e+02
3.933986816406250000e+02
3.933016052246093750e+02
3.932046813964843750e+02
3.931078491210937500e+02
3.930111389160156250e+02
3.929145507812500000e+02
3.928180847167968750e+02
3.927217102050781250e+02
3.926254577636718750e+02
3.925293273925781250e+02
3.924332885742187500e+02
3.923373718261718750e+02
3.922415771484375000e+02
3.921458740234375000e+02
3.920502929687500000e+02
3.919548034667968750e+02
3.918594665527343750e+02
3.917641906738281250e+02
3.916690673828125000e+02
3.915740051269531250e+02
3.914790954589843750e+02
3.913842773437500000e+02
3.912895507812500000e+02
3.911949462890625000e+02
3.911004638671875000e+02
3.910060729980468750e+02
3.909117736816406250e+02
3.908175964355468750e+02
3.907235107421875000e+02
3.906295471191406250e+02
3.905356750488281250e+02
3.904419250488281250e+02
3.903482666015625000e+02
3.902547302246093750e+02
3.901612548828125000e+02
3.900679321289062500e+02
3.899746704101562500e+02
3.898815307617187500e+02
3.897885131835937500e+02
3.896955566406250000e+02
3.896027221679687500e+02
3.895100097656250000e+02
3.894173583984375000e+02
3.893248291015625000e+02
3.892323913574218750e+02
3.891400756835937500e+02
3.890478210449218750e+02
3.889556884765625000e+02
3.888636474609375000e+02
3.887717285156250000e+02
3.886799011230468750e+02
3.885881347656250000e+02
3.884964904785156250e+02
3.884049682617187500e+02
3.883135070800781250e+02
3.882221679687500000e+02
3.881308898925781250e+02
3.880397338867187500e+02
3.879486694335937500e+02
3.878576965332031250e+02
3.877668457031250000e+02
3.876760559082031250e+02
3.875853881835937500e+02
3.874947814941406250e+02
3.874042968750000000e+02
3.873139038085937500e+02
3.872235717773437500e+02
3.871333618164062500e+02
3.870432434082031250e+02
3.869532165527343750e+02
3.868632812500000000e+02
3.867734375000000000e+02
3.866836853027343750e+02
3.865940246582031250e+02
3.865044555664062500e+02
3.864149780273437500e+02
3.863255920410156250e+02
3.862362976074218750e+02
3.861470947265625000e+02
3.860579833984375000e+02
3.859689331054687500e+02
3.858800048828125000e+02
3.857911682128906250e+02
3.857023925781250000e+02
3.856137390136718750e+02
3.855251464843750000e+02
3.854366455078125000e+02
3.853482360839843750e+02
3.852599182128906250e+02
3.851716918945312500e+02
3.850835571289062500e+02
3.849954833984375000e+02
3.849075317382812500e+02
3.848196411132812500e+02
3.847318420410156250e+02
3.846441345214843750e+02
3.845564880371093750e+02
3.844689636230468750e+02
3.843815002441406250e+02
3.842941284179687500e+02
3.842068481445312500e+02
3.841196289062500000e+02
3.840325317382812500e+02
3.839454956054687500e+02
3.838585205078125000e+02
3.837716674804687500e+02
3.836848754882812500e+02
3.835981750488281250e+02
3.835115661621093750e+02
3.834250183105468750e+02
3.833385620117187500e+02
3.832521972656250000e+02
3.831659240722656250e+02
3.830797119140625000e+02
3.829935913085937500e+02
3.829075317382812500e+02
3.828215637207031250e+02
3.827356872558593750e+02
3.826498718261718750e+02
3.825641479492187500e+02
3.824785156250000000e+02
3.823929443359375000e+02
3.823074645996093750e+02
3.822220764160156250e+02
3.821367492675781250e+02
3.820515136718750000e+02
3.819663391113281250e+02
3.818812561035156250e+02
3.817962341308593750e+02
3.817113037109375000e+02
3.816264648437500000e+02
3.815416870117187500e+02
3.814569702148437500e+02
3.813723754882812500e+02
3.812878112792968750e+02
3.812033691406250000e+02
3.811189575195312500e+02
3.810346679687500000e+02
3.809504089355468750e+02
3.808662719726562500e+02
3.807821655273437500e+02
3.806981811523437500e+02
3.806142272949218750e+02
3.805303649902343750e+02
3.804465942382812500e+02
3.803628845214843750e+02
3.802792663574218750e+02
3.801957092285156250e+02
3.801122131347656250e+02
3.800288085937500000e+02
3.799454650878906250e+02
3.798622131347656250e+02
3.797790222167968750e+02
3.796959228515625000e+02
3.796128845214843750e+02
3.795299072265625000e+02
3.794470214843750000e+02
3.793641967773437500e+02
3.792814331054687500e+02
3.791987609863281250e+02
3.791161804199218750e+02
3.790336303710937500e+02
3.789511718750000000e+02
3.788688049316406250e+02
3.787864685058593750e+02
3.787042236328125000e+02
3.786220703125000000e+02
3.785399475097656250e+02
3.784579162597656250e+02
3.783759460449218750e+02
3.782940673828125000e+02
3.782122497558593750e+02
3.781304931640625000e+02
3.780488281250000000e+02
3.779671936035156250e+02
3.778856811523437500e+02
3.778041992187500000e+02
3.777228088378906250e+02
3.776414489746093750e+02
3.775602111816406250e+02
3.774790039062500000e+02
3.773978881835937500e+02
3.773168334960937500e+02
3.772358398437500000e+02
3.771549072265625000e+02
3.770740661621093750e+02
3.769932861328125000e+02
3.769125671386718750e+02
3.768319091796875000e+02
3.767513122558593750e+02
3.766708068847656250e+02
3.765903625488281250e+02
3.765099792480468750e+02
3.764296569824218750e+02
3.763494262695312500e+02
3.762692260742187500e+02
3.761891174316406250e+02
3.761090698242187500e+02
3.760290832519531250e+02
3.759491577148437500e+02
3.758693237304687500e+02
3.757895202636718750e+02
3.757098083496093750e+02
3.756301574707031250e+02
3.755505676269531250e+02
3.754710388183593750e+02
3.753915710449218750e+02
3.753121643066406250e+02
3.752328491210937500e+02
3.751535644531250000e+02
3.750743713378906250e+02
3.749952392578125000e+02
3.749161682128906250e+02
3.748371582031250000e+02
3.747582092285156250e+02
3.746793212890625000e+02
3.746004943847656250e+02
3.745217285156250000e+02
3.744430541992187500e+02
3.743644104003906250e+02
3.742858581542968750e+02
3.742073364257812500e+02
3.741289062500000000e+02
3.740505065917968750e+02
3.739721984863281250e+02
3.738939514160156250e+02
3.738157348632812500e+02
3.737376098632812500e+02
3.736595458984375000e+02
3.735815429687500000e+02
3.735035705566406250e+02
3.734256896972656250e+02
3.733478698730468750e+02
3.732701110839843750e+02
3.731923828125000000e+02
3.731147460937500000e+02
3.730371704101562500e+02
3.729596557617187500e+02
3.728822021484375000e+02
3.728047790527343750e+02
3.727274475097656250e+02
3.726501770019531250e+02
3.725729370117187500e+02
3.724957885742187500e+02
3.724186706542968750e+02
3.723416442871093750e+02
3.722646484375000000e+02
3.721877441406250000e+02
3.721108703613281250e+02
3.720340576171875000e+02
3.719573059082031250e+02
3.718806152343750000e+02
3.718039855957031250e+02
3.717274169921875000e+02
3.716509094238281250e+02
3.715744628906250000e+02
3.714980468750000000e+02
3.714217224121093750e+02
3.713454284667968750e+02
3.712692260742187500e+02
3.711930541992187500e+02
3.711169433593750000e+02
3.710408935546875000e+02
3.709649047851562500e+02
3.708889770507812500e+02
3.708130798339843750e+02
3.707372741699218750e+02
3.706614990234375000e+02
3.705857849121093750e+02
3.705101623535156250e+02
3.704345397949218750e+02
3.703590087890625000e+02
3.702835388183593750e+02
3.702080993652343750e+02
3.701327514648437500e+02
3.700574340820312500e+02
3.699821777343750000e+02
3.699069519042968750e+02
3.698318176269531250e+02
3.697567443847656250e+02
3.696817016601562500e+02
3.696067199707031250e+02
3.695317993164062500e+02
3.694569091796875000e+02
3.693821105957031250e+02
3.693073425292968750e+02
3.692326354980468750e+02
3.691579895019531250e+02
3.690834045410156250e+02
3.690088500976562500e+02
3.689343566894531250e+02
3.688599243164062500e+02
3.687855529785156250e+02
3.687112121582031250e+02
3.686369628906250000e+02
3.685627441406250000e+02
3.684885864257812500e+02
3.684144592285156250e+02
3.683403930664062500e+02
3.682663879394531250e+02
3.681924438476562500e+02
3.681185607910156250e+02
3.680447082519531250e+02
3.679709167480468750e+02
3.678971862792968750e+02
3.678234863281250000e+02
3.677498779296875000e+02
3.676762695312500000e+02
3.676027526855468750e+02
3.675292663574218750e+02
3.674558715820312500e+02
3.673824768066406250e+02
3.673091735839843750e+02
3.672359008789062500e+02
3.671626892089843750e+02
3.670895385742187500e+02
3.670164184570312500e+02
3.669433593750000000e+02
3.668703613281250000e+02
3.667973937988281250e+02
3.667244873046875000e+02
3.666516418457031250e+02
3.665788269042968750e+02
3.665060729980468750e+02
3.664333801269531250e+02
3.663607177734375000e+02
3.662881164550781250e+02
3.662155761718750000e+02
3.661430664062500000e+02
3.660706176757812500e+02
3.659982299804687500e+02
3.659258728027343750e+02
3.658535766601562500e+02
3.657813415527343750e+02
3.657091369628906250e+02
3.656369934082031250e+02
3.655649108886718750e+02
3.654928588867187500e+02
3.654208679199218750e+02
3.653489074707031250e+02
3.652770080566406250e+02
3.652051696777343750e+02
3.651333618164062500e+02
3.650616149902343750e+02
3.649898986816406250e+02
3.649182434082031250e+02
3.648466491699218750e+02
3.647750854492187500e+02
3.647035827636718750e+02
3.646321411132812500e+02
3.645607299804687500e+02
3.644893493652343750e+02
3.644180603027343750e+02
3.643467712402343750e+02
3.642755737304687500e+02
3.642044067382812500e+02
3.641332702636718750e+02
3.640622253417968750e+02
3.639911804199218750e+02
3.639202270507812500e+02
3.638492736816406250e+02
3.637784118652343750e+02
3.637075805664062500e+02
3.636367797851562500e+02
3.635660400390625000e+02
3.634953613281250000e+02
3.634247131347656250e+02
3.633541259765625000e+02
3.632835693359375000e+02
3.632130737304687500e+02
3.631426086425781250e+02
3.630722045898437500e+02
3.630018615722656250e+02
3.629315185546875000e+02
3.628612670898437500e+02
3.627910461425781250e+02
3.627208557128906250e+02
3.626507263183593750e+02
3.625806579589843750e+02
3.625106201171875000e+02
3.624406433105468750e+02
3.623706970214843750e+02
3.623007812500000000e+02
3.622309265136718750e+02
3.621611328125000000e+02
3.620913696289062500e+02
3.620216674804687500e+02
3.619519958496093750e+02
3.618823547363281250e+02
3.618127746582031250e+02
3.617432556152343750e+02
3.616737670898437500e+02
3.616043395996093750e+02
3.615349426269531250e+02
3.614655761718750000e+02
3.613962707519531250e+02
3.613269958496093750e+02
3.612577819824218750e+02
3.611886291503906250e+02
3.611194763183593750e+02
3.610504150390625000e+02
3.609813537597656250e+02
3.609123840332031250e+02
3.608434143066406250e+02
3.607745056152343750e+02
3.607056579589843750e+02
3.606368408203125000e+02
3.605680541992187500e+02
3.604993286132812500e+02
3.604306640625000000e+02
3.603619995117187500e+02
3.602934265136718750e+02
3.602248535156250000e+02
3.601563415527343750e+02
3.600878906250000000e+02
3.600194702148437500e+02
3.599510803222656250e+02
3.598827514648437500e+02
3.598144531250000000e+02
3.597462158203125000e+02
3.596780090332031250e+02
3.596098327636718750e+02
3.595417175292968750e+02
3.594736328125000000e+02
3.594056091308593750e+02
3.593376159667968750e+02
3.592696838378906250e+02
3.592017822265625000e+02
3.591339111328125000e+02
3.590660705566406250e+02
3.589983215332031250e+02
3.589305725097656250e+02
3.588628845214843750e+02
3.587952270507812500e+02
3.587276306152343750e+02
3.586600646972656250e+02
3.585925292968750000e+02
3.585250549316406250e+02
3.584576110839843750e+02
3.583901977539062500e+02
3.583228454589843750e+02
3.582555541992187500e+02
3.581882629394531250e+02
3.581210327148437500e+02
3.580538635253906250e+02
3.579866943359375000e+02
3.579195861816406250e+02
3.578525390625000000e+02
3.577854919433593750e+02
3.577185363769531250e+02
3.576515808105468750e+02
3.575846862792968750e+02
3.575178222656250000e+02
3.574510192871093750e+02
3.573842163085937500e+02
3.573175048828125000e+02
3.572507934570312500e+02
3.571841430664062500e+02
3.571175231933593750e+02
3.570509643554687500e+02
3.569844360351562500e+02
3.569179382324218750e+02
3.568514709472656250e+02
3.567850646972656250e+02
3.567186889648437500e+02
3.566523742675781250e+02
3.565860900878906250e+02
3.565198364257812500e+02
3.564536132812500000e+02
3.563874511718750000e+02
3.563213195800781250e+02
3.562552185058593750e+02
3.561891784667968750e+02
3.561231689453125000e+02
3.560571899414062500e+02
3.559912719726562500e+02
3.559253845214843750e+02
3.558595275878906250e+02
3.557937011718750000e+02
3.557279357910156250e+02
3.556622009277343750e+02
3.555964965820312500e+02
3.555308532714843750e+02
3.554652404785156250e+02
3.553996582031250000e+02
3.553341369628906250e+02
3.552686157226562500e+02
3.552031555175781250e+02
3.551377563476562500e+02
3.550723571777343750e+02
3.550070190429687500e+02
3.549417114257812500e+02
3.548764648437500000e+02
3.548112182617187500e+02
3.547460327148437500e+02
3.546808776855468750e+02
3.546157836914062500e+02
3.545506896972656250e+02
3.544856567382812500e+02
3.544206848144531250e+02
3.543557128906250000e+02
3.542908020019531250e+02
3.542259216308593750e+02
3.541610717773437500e+02
3.540962524414062500e+02
3.540314941406250000e+02
3.539667663574218750e+02
3.539020690917968750e+02
3.538374023437500000e+02
3.537727966308593750e+02
3.537082214355468750e+02
3.536436767578125000e+02
3.535791931152343750e+02
3.535147094726562500e+02
3.534502868652343750e+02
3.533858947753906250e+02
3.533215332031250000e+02
3.532572326660156250e+02
3.531929321289062500e+02
3.531286926269531250e+02
3.530644836425781250e+02
3.530003356933593750e+02
3.529361877441406250e+02
3.528721008300781250e+02
3.528080444335937500e+02
3.527440185546875000e+02
3.526800537109375000e+02
3.526160888671875000e+02
3.525521850585937500e+02
3.524883117675781250e+02
3.524244689941406250e+02
3.523606872558593750e+02
3.522969055175781250e+02
3.522331848144531250e+02
3.521694946289062500e+02
3.521058349609375000e+02
3.520422363281250000e+02
3.519786376953125000e+02
3.519151000976562500e+02
3.518515930175781250e+02
3.517881164550781250e+02
3.517247009277343750e+02
3.516612854003906250e+02
3.515979309082031250e+02
3.515346069335937500e+02
3.514713134765625000e+02
3.514080505371093750e+02
3.513448181152343750e+02
3.512816467285156250e+02
3.512184753417968750e+02
3.511553649902343750e+02
3.510922851562500000e+02
3.510292663574218750e+02
3.509662475585937500e+02
3.509032897949218750e+02
3.508403320312500000e+02
3.507774353027343750e+02
3.507145690917968750e+02
3.506517333984375000e+02
3.505889587402343750e+02
3.505261840820312500e+02
3.504634704589843750e+02
3.504007568359375000e+02
3.503381042480468750e+02
3.502754821777343750e+02
3.502129211425781250e+02
3.501503601074218750e+02
3.500878295898437500e+02
3.500253601074218750e+02
3.499629211425781250e+02
3.499005126953125000e+02
3.498381347656250000e+02
3.497757873535156250e+02
3.497134704589843750e+02
3.496512145996093750e+02
3.495889587402343750e+02
3.495267639160156250e+02
3.494645996093750000e+02
3.494024658203125000e+02
3.493403625488281250e+02
3.492782897949218750e+02
3.492162475585937500e+02
3.491542663574218750e+02
3.490922851562500000e+02
3.490303649902343750e+02
3.489684753417968750e+02
3.489065856933593750e+02
3.488447570800781250e+02
3.487829589843750000e+02
3.487212219238281250e+02
3.486594848632812500e+02
3.485977783203125000e+02
3.485361328125000000e+02
3.484745178222656250e+02
3.484129028320312500e+02
3.483513488769531250e+02
3.482898254394531250e+02
3.482283325195312500e+02
3.481668701171875000e+02
3.481054382324218750e+02
3.480440673828125000e+02
3.479826965332031250e+02
3.479213562011718750e+02
3.478600769042968750e+02
3.477988281250000000e+02
3.477375793457031250e+02
3.476763916015625000e+02
3.476152343750000000e+02
3.475541076660156250e+02
3.474930114746093750e+02
3.474319458007812500e+02
3.473709106445312500e+02
3.473099365234375000e+02
