4.420704345703125000e+02
4.418049011230468750e+02
4.415377807617187500e+02
4.412697143554687500e+02
4.410012817382812500e+02
4.407328491210937500e+02
4.404647827148437500e+02
4.401973571777343750e+02
4.399308166503906250e+02
4.396652832031250000e+02
4.394009704589843750e+02
4.391380004882812500e+02
4.388764038085937500e+02
4.386163024902343750e+02
4.383577270507812500e+02
4.381007385253906250e+02
4.378453674316406250e+02
4.375916442871093750e+02
4.373395690917968750e+02
4.370891723632812500e+02
4.368404235839843750e+02
4.365933532714843750e+02
4.363479614257812500e+02
4.361041870117187500e+02
4.358620910644531250e+02
4.356216125488281250e+02
4.353827209472656250e+02
4.351454467773437500e+02
4.349097595214843750e+02
4.346756591796875000e+02
4.344430847167968750e+02
4.342120056152343750e+02
4.339824829101562500e+02
4.337543945312500000e+02
4.335278015136718750e+02
4.333026733398437500e+02
4.330789184570312500e+02
4.328565979003906250e+02
4.326356811523437500e+02
4.324160766601562500e+02
4.321978454589843750e+02
4.319809570312500000e+02
4.317653503417968750e+02
4.315510253906250000e+02
4.313379516601562500e+02
4.311261596679687500e+02
4.309155578613281250e+02
4.307061767578125000e+02
4.304980163574218750e+02
4.302909851074218750e+02
4.300851440429687500e+02
4.298804321289062500e+02
4.296768493652343750e+02
4.294743652343750000e+02
4.292729797363281250e+02
4.290726318359375000e+02
4.288733825683593750e+02
4.286751708984375000e+02
4.284779968261718750e+02
4.282817993164062500e+02
4.280866394042968750e+02
4.278924560546875000e+02
4.276992492675781250e+02
4.275069885253906250e+02
4.273156738281250000e+02
4.271253051757812500e+02
4.269358520507812500e+02
4.267472839355468750e+02
4.265596313476562500e+02
4.263728637695312500e+02
4.261869812011718750e+02
4.260019226074218750e+02
4.258177490234375000e+02
4.256343994140625000e+02
4.254518737792968750e+02
4.252701721191406250e+02
4.250892639160156250e+02
4.249091796875000000e+02
4.247298583984375000e+02
4.245513000488281250e+02
4.243735351562500000e+02
4.241965332031250000e+02
4.240202636718750000e+02
4.238447265625000000e+02
4.236699218750000000e+02
4.234958496093750000e+02
4.233224792480468750e+02
4.231498413085937500e+02
4.229778747558593750e+02
4.228065795898437500e+02
4.226359863281250000e+02
4.224660644531250000e+02
4.222968139648437500e+02
4.221282348632812500e+02
4.219602661132812500e+02
4.217929687500000000e+02
4.216262817382812500e+02
4.214602355957031250e+02
4.212948303222656250e+02
4.211300048828125000e+02
4.209658203125000000e+02
4.208022155761718750e+02
4.206392211914062500e+02
4.204768066406250000e+02
4.203149719238281250e+02
4.201537170410156250e+02
4.199930419921875000e+02
4.198329162597656250e+02
4.196733703613281250e+02
4.195143432617187500e+02
4.193558959960937500e+02
4.191979675292968750e+02
4.190405883789062500e+02
4.188837585449218750e+02
4.187274169921875000e+02
4.185716247558593750e+02
4.184163513183593750e+02
4.182615661621093750e+02
4.181072998046875000e+02
4.179535217285156250e+02
4.178002624511718750e+02
4.176474609375000000e+02
4.174951782226562500e+02
4.173433532714843750e+02
4.171920471191406250e+02
4.170411682128906250e+02
4.168907775878906250e+02
4.167408447265625000e+02
4.165914001464843750e+02
4.164423828125000000e+02
4.162938232421875000e+02
4.161457214355468750e+02
4.159980468750000000e+02
4.158508300781250000e+02
4.157040405273437500e+02
4.155576782226562500e+02
4.154117431640625000e+02
4.152662353515625000e+02
4.151211547851562500e+02
4.149765014648437500e+02
4.148322448730468750e+02
4.146884155273437500e+02
4.145449829101562500e+02
4.144019470214843750e+02
4.142593078613281250e+02
4.141170959472656250e+02
4.139752502441406250e+02
4.138338012695312500e+02
4.136927490234375000e+02
4.135520935058593750e+02
4.134118041992187500e+02
4.132718811035156250e+02
4.131323242187500000e+02
4.129931640625000000e+02
4.128543701171875000e+02
4.127159423828125000e+02
4.125778808593750000e+02
4.124401855468750000e+02
4.123028259277343750e+02
4.121658325195312500e+02
4.120291748046875000e+02
4.118928833007812500e+02
4.117569580078125000e+02
4.116213684082031250e+02
4.114860839843750000e+02
4.113511657714843750e+02
4.112165832519531250e+02
4.110823364257812500e+02
4.109484252929687500e+02
4.108148498535156250e+02
4.106815795898437500e+02
4.105486450195312500e+02
4.104160461425781250e+02
4.102837524414062500e+02
4.101517639160156250e+02
4.100201110839843750e+02
4.098887634277343750e+02
4.097577209472656250e+02
4.096270141601562500e+02
4.094965820312500000e+02
4.093664855957031250e+02
4.092366638183593750e+02
4.091071472167968750e+02
4.089779357910156250e+02
4.088489990234375000e+02
4.087203979492187500e+02
4.085920715332031250e+02
4.084640197753906250e+02
4.083362731933593750e+02
4.082088012695312500e+02
4.080816040039062500e+02
4.079547119140625000e+02
4.078280944824218750e+02
4.077017517089843750e+02
4.075756835937500000e+02
4.074498901367187500e+02
4.073243713378906250e+02
4.071991271972656250e+02
4.070741577148437500e+02
4.069494628906250000e+02
4.068250122070312500e+02
4.067008361816406250e+02
4.065769348144531250e+02
4.064532775878906250e+02
4.063298950195312500e+02
4.062067565917968750e+02
4.060838928222656250e+02
4.059612731933593750e+02
4.058388977050781250e+02
4.057167968750000000e+02
4.055949096679687500e+02
4.054732971191406250e+02
4.053519287109375000e+02
4.052308044433593750e+02
4.051099243164062500e+02
4.049892883300781250e+02
4.048688964843750000e+02
4.047487487792968750e+02
4.046288146972656250e+02
4.045091552734375000e+02
4.043897094726562500e+02
4.042705078125000000e+02
4.041515197753906250e+02
4.040327758789062500e+02
4.039142456054687500e+02
4.037959594726562500e+02
4.036779174804687500e+02
4.035600891113281250e+02
4.034424743652343750e+02
4.033251037597656250e+02
4.032079467773437500e+02
4.030910034179687500e+02
4.029742736816406250e+02
4.028577880859375000e+02
4.027414855957031250e+02
4.026254272460937500e+02
4.025095825195312500e+02
4.023939514160156250e+02
4.022785034179687500e+02
4.021632995605468750e+02
4.020483093261718750e+02
4.019335021972656250e+02
4.018189086914062500e+02
4.017045288085937500e+02
4.015903625488281250e+02
4.014764099121093750e+02
4.013626403808593750e+02
4.012490844726562500e+02
4.011357116699218750e+02
4.010225524902343750e+02
4.009096069335937500e+02
4.007968444824218750e+02
4.006842651367187500e+02
4.005718994140625000e+02
4.004597473144531250e+02
4.003477478027343750e+02
4.002359924316406250e+02
4.001243896484375000e+02
4.000130004882812500e+02
3.999017639160156250e+02
3.997907714843750000e+02
3.996799316406250000e+02
3.995692749023437500e+02
3.994588317871093750e+02
3.993485412597656250e+02
3.992384643554687500e+02
3.991285705566406250e+02
3.990188293457031250e+02
3.989093017578125000e+02
3.987999267578125000e+02
3.986907653808593750e+02
3.985817565917968750e+02
3.984729309082031250e+02
3.983642883300781250e+02
3.982558288574218750e+02
3.981475524902343750e+02
3.980394287109375000e+02
3.979314880371093750e+02
3.978237304687500000e+02
3.977161254882812500e+02
3.976087036132812500e+02
3.975014648437500000e+02
3.973943786621093750e+02
3.972874450683593750e+02
3.971807250976562500e+02
3.970741271972656250e+02
3.969677124023437500e+02
3.968614807128906250e+02
3.967554016113281250e+02
3.966494750976562500e+02
3.965437316894531250e+02
3.964381408691406250e+02
3.963327331542968750e+02
3.962274475097656250e+02
3.961223449707031250e+02
3.960174255371093750e+02
3.959126281738281250e+02
3.958080139160156250e+02
3.957035522460937500e+02
3.955992431640625000e+02
3.954950866699218750e+02
3.953910827636718750e+02
3.952872314453125000e+02
3.951835632324218750e+02
3.950800170898437500e+02
3.949766235351562500e+02
3.948734130859375000e+02
3.947703247070312500e+02
3.946673889160156250e+02
3.945646362304687500e+02
3.944620056152343750e+02
3.943595275878906250e+02
3.942572021484375000e+02
3.941550292968750000e+02
3.940529785156250000e+02
3.939511108398437500e+02
3.938493652343750000e+02
3.937477722167968750e+02
3.936463012695312500e+02
3.935450134277343750e+02
3.934438476562500000e+02
3.933428344726562500e+02
3.932419433593750000e+02
3.931412048339843750e+02
3.930406188964843750e+02
3.929401550292968750e+02
3.928398437500000000e+02
3.927396850585937500e+02
3.926396484375000000e+02
3.925397338867187500e+02
3.924399719238281250e+02
3.923403625488281250e+02
3.922408752441406250e+02
3.921415100097656250e+02
3.920422973632812500e+02
3.919432373046875000e+02
3.918442687988281250e+02
3.917454833984375000e+02
3.916467895507812500e+02
3.915482482910156250e+02
3.914498291015625000e+02
3.913515625000000000e+02
3.912533874511718750e+02
3.911553649902343750e+02
3.910574951171875000e+02
3.909597167968750000e+02
3.908620910644531250e+02
3.907645874023437500e+02
3.906672058105468750e+02
3.905699768066406250e+02
3.904728393554687500e+02
3.903758544921875000e+02
3.902789916992187500e+02
3.901822509765625000e+02
3.900856323242187500e+02
3.899891357421875000e+02
3.898927612304687500e+02
3.897965087890625000e+02
3.897004089355468750e+02
3.896044006347656250e+02
3.895085144042968750e+02
3.894127807617187500e+02
3.893171386718750000e+02
3.892216186523437500e+02
3.891262207031250000e+02
3.890309753417968750e+02
3.889358215332031250e+02
3.888407897949218750e+02
3.887458496093750000e+02
3.886510620117187500e+02
3.885563964843750000e+02
3.884618225097656250e+02
3.883673706054687500e+02
3.882730407714843750e+02
3.881788330078125000e+02
3.880847473144531250e+02
3.879907531738281250e+02
3.878969116210937500e+02
3.878031616210937500e+02
3.877095031738281250e+02
3.876159973144531250e+02
3.875225830078125000e+02
3.874292907714843750e+02
3.873360900878906250e+02
3.872430114746093750e+02
3.871500549316406250e+02
3.870572204589843750e+02
3.869644775390625000e+02
3.868718261718750000e+02
3.867793273925781250e+02
3.866869201660156250e+02
3.865946044921875000e+02
3.865024108886718750e+02
3.864103393554687500e+02
3.863183593750000000e+02
3.862265014648437500e+02
3.861347351074218750e+02
3.860430603027343750e+02
3.859515380859375000e+02
3.858600769042968750e+02
3.857687377929687500e+02
3.856775207519531250e+02
3.855863952636718750e+02
3.854953918457031250e+02
3.854044494628906250e+02
3.853136596679687500e+02
3.852229309082031250e+02
3.851323547363281250e+02
3.850418395996093750e+02
3.849514465332031250e+02
3.848611450195312500e+02
3.847709655761718750e+02
3.846808471679687500e+02
3.845908813476562500e+02
3.845009765625000000e+02
3.844111938476562500e+02
3.843215026855468750e+02
3.842319030761718750e+02
3.841424255371093750e+02
3.840530395507812500e+02
3.839637451171875000e+02
3.838745422363281250e+02
3.837854614257812500e+02
3.836964721679687500e+02
3.836075744628906250e+02
3.835187683105468750e+02
3.834300537109375000e+02
3.833414611816406250e+02
3.832529296875000000e+02
3.831645202636718750e+02
3.830762023925781250e+02
3.829879760742187500e+02
3.828998413085937500e+02
3.828118286132812500e+02
3.827238769531250000e+02
3.826360473632812500e+02
3.825482788085937500e+02
3.824606323242187500e+02
3.823730773925781250e+02
3.822856140136718750e+02
3.821982116699218750e+02
3.821109313964843750e+02
3.820237426757812500e+02
3.819366455078125000e+02
3.818496398925781250e+02
3.817627258300781250e+02
3.816759033203125000e+02
3.815891723632812500e+02
3.815025329589843750e+02
3.814159545898437500e+02
3.813294982910156250e+02
3.812431335449218750e+02
3.811568298339843750e+02
3.810706481933593750e+02
3.809845275878906250e+02
3.808985290527343750e+02
3.808125915527343750e+02
3.807267456054687500e+02
3.806409912109375000e+02
3.805553283691406250e+02
3.804697570800781250e+02
3.803842468261718750e+02
3.802988586425781250e+02
3.802135314941406250e+02
3.801282958984375000e+02
3.800431518554687500e+02
3.799580993652343750e+02
3.798731384277343750e+02
3.797882385253906250e+02
3.797034301757812500e+02
3.796187133789062500e+02
3.795340881347656250e+02
3.794495239257812500e+02
3.793650512695312500e+02
3.792806701660156250e+02
3.791963806152343750e+02
3.791121520996093750e+02
3.790280151367187500e+02
3.789439697265625000e+02
3.788600158691406250e+02
3.787761230468750000e+02
3.786923217773437500e+02
3.786086120605468750e+02
3.785249633789062500e+02
3.784414062500000000e+02
3.783579101562500000e+02
3.782745361328125000e+02
3.781912231445312500e+02
3.781079711914062500e+02
3.780248107910156250e+02
3.779417419433593750e+02
3.778587646484375000e+02
3.777758483886718750e+02
3.776929931640625000e+02
3.776102294921875000e+02
3.775275573730468750e+02
3.774449768066406250e+02
3.773624572753906250e+02
3.772799987792968750e+02
3.771976318359375000e+02
3.771153564453125000e+02
3.770331420898437500e+02
3.769510192871093750e+02
3.768689575195312500e+02
3.767869873046875000e+02
3.767050781250000000e+02
3.766232604980468750e+02
3.765415039062500000e+02
3.764598388671875000e+02
3.763782348632812500e+02
3.762967224121093750e+02
3.762152709960937500e+02
3.761339111328125000e+02
3.760526123046875000e+02
3.759713745117187500e+02
3.758902282714843750e+02
3.758091735839843750e+02
3.757281799316406250e+02
3.756472473144531250e+02
3.755664062500000000e+02
3.754856262207031250e+02
3.754049377441406250e+02
3.753243103027343750e+02
3.752437438964843750e+02
3.751632690429687500e+02
3.750828552246093750e+02
3.750025329589843750e+02
3.749222717285156250e+02
3.748420715332031250e+02
3.747619628906250000e+02
3.746819152832031250e+02
3.746019287109375000e+02
3.745220336914062500e+02
3.744421997070312500e+02
3.743624267578125000e+02
3.742827453613281250e+02
3.742031250000000000e+02
3.741235656738281250e+02
3.740440979003906250e+02
3.739646911621093750e+02
3.738853454589843750e+02
3.738060607910156250e+02
3.737268676757812500e+02
3.736477355957031250e+02
3.735686950683593750e+02
3.734896850585937500e+02
3.734107666015625000e+02
3.733319091796875000e+02
3.732531127929687500e+02
3.731744079589843750e+02
3.730957641601562500e+02
3.730171813964843750e+02
3.729386596679687500e+02
3.728602294921875000e+02
3.727818298339843750e+02
3.727035217285156250e+02
3.726252746582031250e+02
3.725471191406250000e+02
3.724689941406250000e+02
3.723909606933593750e+02
3.723129882812500000e+02
3.722350769042968750e+02
3.721572265625000000e+02
3.720794372558593750e+02
3.720017395019531250e+02
3.719241027832031250e+02
3.718464965820312500e+02
3.717689819335937500e+02
3.716915588378906250e+02
3.716141662597656250e+02
3.715368347167968750e+02
3.714595947265625000e+02
3.713823852539062500e+02
3.713052673339843750e+02
3.712282104492187500e+02
3.711512145996093750e+02
3.710742797851562500e+02
3.709974060058593750e+02
3.709205932617187500e+02
3.708438720703125000e+02
3.707671813964843750e+02
3.706905822753906250e+02
3.706140136718750000e+02
3.705375366210937500e+02
3.704610900878906250e+02
3.703847351074218750e+02
3.703084411621093750e+02
3.702322082519531250e+02
3.701560058593750000e+02
3.700798950195312500e+02
3.700038452148437500e+02
3.699278564453125000e+02
3.698519287109375000e+02
3.697760620117187500e+02
3.697002563476562500e+02
3.696245117187500000e+02
3.695488281250000000e+02
3.694732055664062500e+02
3.693976440429687500e+02
3.693221435546875000e+02
3.692467041015625000e+02
3.691713256835937500e+02
3.690960083007812500e+02
3.690207519531250000e+02
3.689455261230468750e+02
3.688703918457031250e+02
3.687953186035156250e+02
3.687203063964843750e+02
3.686453247070312500e+02
3.685704345703125000e+02
3.684955749511718750e+02
3.684208068847656250e+02
3.683460693359375000e+02
3.682714233398437500e+02
3.681968078613281250e+02
3.681222534179687500e+02
3.680477600097656250e+02
3.679733276367187500e+02
3.678989562988281250e+02
3.678246459960937500e+02
3.677503967285156250e+02
3.676761779785156250e+02
3.676020507812500000e+02
3.675279541015625000e+02
3.674539184570312500e+02
3.673799438476562500e+02
3.673060302734375000e+02
3.672321777343750000e+02
3.671583862304687500e+02
3.670846252441406250e+02
3.670109558105468750e+02
3.669373168945312500e+02
3.668637390136718750e+02
3.667902221679687500e+02
3.667167663574218750e+02
3.666433715820312500e+02
3.665700073242187500e+02
3.664967041015625000e+02
3.664234619140625000e+02
3.663502807617187500e+02
3.662771606445312500e+02
3.662041015625000000e+02
3.661310729980468750e+02
3.660581054687500000e+02
3.659851989746093750e+02
3.659123535156250000e+02
3.658395385742187500e+02
3.657668151855468750e+02
3.656941223144531250e+02
3.656214904785156250e+02
3.655488891601562500e+02
3.654763793945312500e+02
3.654039001464843750e+02
3.653314819335937500e+02
3.652591247558593750e+02
3.651867980957031250e+02
3.651145629882812500e+02
3.650423583984375000e+02
3.649702148437500000e+02
3.648981018066406250e+02
3.648260498046875000e+02
3.647540588378906250e+02
3.646821289062500000e+02
3.646102294921875000e+02
3.645384216308593750e+02
3.644666442871093750e+02
3.643948974609375000e+02
3.643232421875000000e+02
3.642516174316406250e+02
3.641800231933593750e+02
3.641085205078125000e+02
3.640370483398437500e+02
3.639656372070312500e+02
3.638942565917968750e+02
3.638229675292968750e+02
3.637517089843750000e+02
3.636804809570312500e+02
3.636093139648437500e+02
3.635382080078125000e+02
3.634671630859375000e+02
3.633961486816406250e+02
3.633251953125000000e+02
3.632543029785156250e+02
3.631834411621093750e+02
3.631126403808593750e+02
3.630419006347656250e+02
3.629711914062500000e+02
3.629005432128906250e+02
3.628299560546875000e+02
3.627593994140625000e+02
3.626889038085937500e+02
3.626184387207031250e+02
3.625480346679687500e+02
3.624776916503906250e+02
3.624074096679687500e+02
3.623371582031250000e+02
3.622669372558593750e+02
3.621967773437500000e+02
3.621266784667968750e+02
3.620566406250000000e+02
3.619866333007812500e+02
3.619166564941406250e+02
3.618467712402343750e+02
3.617769165039062500e+02
3.617070922851562500e+02
3.616373291015625000e+02
3.615676269531250000e+02
3.614979553222656250e+02
3.614283447265625000e+02
3.613587646484375000e+02
3.612892456054687500e+02
3.612197570800781250e+02
3.611503601074218750e+02
3.610809631347656250e+02
3.610116271972656250e+02
3.609423522949218750e+02
3.608731384277343750e+02
3.608039245605468750e+02
3.607348022460937500e+02
3.606657104492187500e+02
3.605966491699218750e+02
3.605276489257812500e+02
3.604587097167968750e+02
3.603898010253906250e+02
3.603209533691406250e+02
3.602521362304687500e+02
3.601833801269531250e+02
3.601146545410156250e+02
3.600459899902343750e+02
3.599773559570312500e+02
3.599087829589843750e+02
3.598402404785156250e+02
3.597717590332031250e+02
3.597033386230468750e+02
3.596349487304687500e+02
3.595665893554687500e+02
3.594982910156250000e+02
3.594300231933593750e+02
3.593618164062500000e+02
3.592936401367187500e+02
3.592255249023437500e+02
3.591574707031250000e+02
3.590894165039062500e+02
3.590214538574218750e+02
3.589535217285156250e+02
3.588856201171875000e+02
3.588177795410156250e+02
3.587499694824218750e+02
3.586821899414062500e+02
3.586145019531250000e+02
3.585468139648437500e+02
3.584791870117187500e+02
3.584116210937500000e+02
3.583440856933593750e+02
3.582765808105468750e+02
3.582091369628906250e+02
3.581417236328125000e+02
3.580743713378906250e+02
3.580070495605468750e+02
3.579397888183593750e+02
3.578725585937500000e+02
3.578053588867187500e+02
3.577382202148437500e+02
3.576711425781250000e+02
3.576040954589843750e+02
3.575370788574218750e+02
3.574700927734375000e+02
3.574031677246093750e+02
3.573363037109375000e+02
3.572694702148437500e+02
3.572026672363281250e+02
3.571359252929687500e+02
3.570692138671875000e+02
3.570025329589843750e+02
3.569359130859375000e+02
3.568693542480468750e+02
3.568027954101562500e+02
3.567363281250000000e+02
3.566698608398437500e+02
3.566034545898437500e+02
3.565370788574218750e+02
3.564707641601562500e+02
3.564044799804687500e+02
3.563382263183593750e+02
3.562720336914062500e+02
3.562058715820312500e+02
3.561397705078125000e+02
3.560736999511718750e+02
3.560076599121093750e+02
3.559416809082031250e+02
3.558757324218750000e+02
3.558098144531250000e+02
3.557439575195312500e+02
3.556781311035156250e+02
3.556123352050781250e+02
3.555466003417968750e+02
3.554808959960937500e+02
3.554152526855468750e+02
3.553496398925781250e+02
3.552840576171875000e+02
3.552185058593750000e+02
3.551530151367187500e+02
3.550875549316406250e+02
3.550221557617187500e+02
3.549567871093750000e+02
3.548914489746093750e+02
3.548261413574218750e+02
3.547608947753906250e+02
3.546956787109375000e+02
3.546305236816406250e+02
3.545653991699218750e+02
3.545003051757812500e+02
3.544352416992187500e+02
3.543702392578125000e+02
3.543052673339843750e+02
3.542403259277343750e+02
3.541754455566406250e+02
3.541105957031250000e+02
3.540457763671875000e+02
3.539810180664062500e+02
3.539162902832031250e+02
3.538515930175781250e+02
3.537869262695312500e+02
3.537223205566406250e+02
3.536577453613281250e+02
3.535932006835937500e+02
3.535287170410156250e+02
3.534642639160156250e+02
3.533998413085937500e+02
3.533354492187500000e+02
3.532711181640625000e+02
3.532068176269531250e+02
3.531425476074218750e+02
3.530783386230468750e+02
3.530141296386718750e+02
3.529500122070312500e+02
3.528858947753906250e+02
3.528218078613281250e+02
3.527577819824218750e+02
3.526937866210937500e+02
3.526298522949218750e+02
3.525659179687500000e+02
3.525020446777343750e+02
3.524382019042968750e+02
3.523743896484375000e+02
3.523106384277343750e+02
3.522469177246093750e+02
3.521832275390625000e+02
3.521195678710937500e+02
3.520559692382812500e+02
3.519924011230468750e+02
3.519288635253906250e+02
3.518653564453125000e+02
3.518018798828125000e+02
3.517384643554687500e+02
3.516750793457031250e+02
3.516117248535156250e+02
3.515484008789062500e+02
3.514851379394531250e+02
3.514219055175781250e+02
3.513587036132812500e+02
3.512955322265625000e+02
3.512323913574218750e+02
3.511693115234375000e+02
3.511062622070312500e+02
3.510432434082031250e+02
3.509802551269531250e+02
3.509173278808593750e+02
3.508544006347656250e+02
3.507915344238281250e+02
3.507286987304687500e+02
3.506659240722656250e+02
3.506031494140625000e+02
3.505404357910156250e+02
3.504777221679687500e+02
3.504150695800781250e+02
3.503524780273437500e+02
3.502898864746093750e+02
3.502273559570312500e+02
3.501648254394531250e+02
3.501023559570312500e+02
3.500399169921875000e+02
3.499775390625000000e+02
3.499151611328125000e+02
3.498528442382812500e+02
3.497905578613281250e+02
3.497283020019531250e+02
3.496660766601562500e+02
3.496038818359375000e+02
3.495417175292968750e+02
3.494796142578125000e+02
3.494175415039062500e+02
3.493554992675781250e+02
3.492934875488281250e+02
3.492315063476562500e+02
3.491695556640625000e+02
3.491076660156250000e+02
3.490458068847656250e+02
3.489839782714843750e+02
3.489221801757812500e+02
3.488604125976562500e+02
3.487986755371093750e+02
3.487369689941406250e+02
3.486753234863281250e+02
3.486137084960937500e+02
3.485520935058593750e+02
3.484905395507812500e+02
3.484290161132812500e+02
3.483675537109375000e+02
3.483060913085937500e+02
3.482446594238281250e+02
3.481832885742187500e+02
3.481219482421875000e+02
3.480606384277343750e+02
3.479993591308593750e+02
3.479381103515625000e+02
3.478768920898437500e+02
3.478157043457031250e+02
3.477545471191406250e+02
3.476934509277343750e+02
3.476323852539062500e+02
3.475713195800781250e+02
3.475103149414062500e+02
3.474493408203125000e+02
3.473883972167968750e+02
3.473274841308593750e+02
3.472666320800781250e+02
3.472057800292968750e+02
3.471449890136718750e+02
3.470841979980468750e+02
3.470234680175781250e+02
3.469627380371093750e+02
3.469020690917968750e+02
3.468414306640625000e+02
3.467808227539062500e+02
3.467202453613281250e+02
3.466597290039062500e+02
3.465992126464843750e+02
3.465387268066406250e+02
3.464783020019531250e+02
3.464178771972656250e+02
3.463575134277343750e+02
3.462971496582031250e+02
3.462368469238281250e+02
3.461765747070312500e+02
3.461163330078125000e+02
3.460561218261718750e+02
3.459959411621093750e+02
3.459357910156250000e+02
3.458756713867187500e+02
3.458155822753906250e+02
3.457555236816406250e+02
3.456955261230468750e+02
3.456355285644531250e+02
3.455755615234375000e+02
3.455156555175781250e+02
3.454557495117187500e+02
3.453959045410156250e+02
3.453360900878906250e+02
3.452762756347656250e+02
3.452165222167968750e+02
3.451567993164062500e+02
3.450971069335937500e+02
3.450374450683593750e+02
3.449778137207031250e+02
3.449182128906250000e+02
3.448586425781250000e+02
3.447991027832031250e+02
3.447395935058593750e+02
3.446801147460937500e+02
3.446206665039062500e+02
3.445612487792968750e+02
3.445018615722656250e+02
3.444425354003906250e+02
3.443832092285156250e+02
3.443239135742187500e+02
3.442646484375000000e+02
3.442054443359375000e+02
3.441462402343750000e+02
3.440870971679687500e+02
3.440279541015625000e+02
3.439688415527343750e+02
3.439097900390625000e+02
3.438507385253906250e+02
3.437917480468750000e+02
3.437327575683593750e+02
3.436738281250000000e+02
3.436148986816406250e+02
3.435560302734375000e+02
3.434971618652343750e+02
3.434383544921875000e+02
3.433795471191406250e+02
3.433208007812500000e+02
3.432620544433593750e+02
3.432033691406250000e+02
3.431446838378906250e+02
3.430860595703125000e+02
3.430274353027343750e+02
3.429688720703125000e+02
3.429103393554687500e+02
