2.334202500000000000e+05 2.332854687500000000e+05 2.349090781250000000e+05 2.320693125000000000e+05
2.610046718750000000e+05 2.619246875000000000e+05 2.622575312500000000e+05 2.588326875000000000e+05
2.689626562500000000e+05 2.677784375000000000e+05 2.687254687500000000e+05 2.703837500000000000e+05
2.763008125000000000e+05 2.775890000000000000e+05 2.775366562500000000e+05 2.737748750000000000e+05
2.760624375000000000e+05 2.762500000000000000e+05 2.767040000000000000e+05 2.752338750000000000e+05
2.805517187500000000e+05 2.802054062500000000e+05 2.811731250000000000e+05 2.802741250000000000e+05
2.779878125000000000e+05 2.767393750000000000e+05 2.779782187500000000e+05 2.792446562500000000e+05
2.799320937500000000e+05 2.799064687500000000e+05 2.799138750000000000e+05 2.799745000000000000e+05
2.804160312500000000e+05 2.799876250000000000e+05 2.809919375000000000e+05 2.802716562500000000e+05
2.808076562500000000e+05 2.804960625000000000e+05 2.824517812500000000e+05 2.794788750000000000e+05
2.769303750000000000e+05 2.777703437500000000e+05 2.778172500000000000e+05 2.751985312500000000e+05
2.718342187500000000e+05 2.726487500000000000e+05 2.711816250000000000e+05 2.716726875000000000e+05
2.705501250000000000e+05 2.707751562500000000e+05 2.699961562500000000e+05 2.708744687500000000e+05
2.730354375000000000e+05 2.729984062500000000e+05 2.731003437500000000e+05 2.730144062500000000e+05
2.764868750000000000e+05 2.772177500000000000e+05 2.772235312500000000e+05 2.750147500000000000e+05
2.753126562500000000e+05 2.756937812500000000e+05 2.749014687500000000e+05 2.753350625000000000e+05
2.761775937500000000e+05 2.757531562500000000e+05 2.766798437500000000e+05 2.761014062500000000e+05
2.760202812500000000e+05 2.757235000000000000e+05 2.763207187500000000e+05 2.760198750000000000e+05
2.738924687500000000e+05 2.737099062500000000e+05 2.726797812500000000e+05 2.752738750000000000e+05
2.802244375000000000e+05 2.814085312500000000e+05 2.802367500000000000e+05 2.790272812500000000e+05
2.808418750000000000e+05 2.815453750000000000e+05 2.817644375000000000e+05 2.792222187500000000e+05
2.772615937500000000e+05 2.770570625000000000e+05 2.765763437500000000e+05 2.781489375000000000e+05
2.779098750000000000e+05 2.772407812500000000e+05 2.782141250000000000e+05 2.782672812500000000e+05
2.792538437500000000e+05 2.802289375000000000e+05 2.790300625000000000e+05 2.784885937500000000e+05
2.769850000000000000e+05 2.767152500000000000e+05 2.766015312500000000e+05 2.776464687500000000e+05
2.782066562500000000e+05 2.781678125000000000e+05 2.789420000000000000e+05 2.775067187500000000e+05
2.792471875000000000e+05 2.789931875000000000e+05 2.800415000000000000e+05 2.786936875000000000e+05
2.768582812500000000e+05 2.777828750000000000e+05 2.764459375000000000e+05 2.763469687500000000e+05
2.722087812500000000e+05 2.711800312500000000e+05 2.705130625000000000e+05 2.749339375000000000e+05
2.807120937500000000e+05 2.825791875000000000e+05 2.819679687500000000e+05 2.775912500000000000e+05
2.782377812500000000e+05 2.773149062500000000e+05 2.777526562500000000e+05 2.796259375000000000e+05
2.808420312500000000e+05 2.819707812500000000e+05 2.807270937500000000e+05 2.798477812500000000e+05
2.766705000000000000e+05 2.754391875000000000e+05 2.769089375000000000e+05 2.776599375000000000e+05
2.749538437500000000e+05 2.751174375000000000e+05 2.742065937500000000e+05 2.755408125000000000e+05
2.784608750000000000e+05 2.784765625000000000e+05 2.799528125000000000e+05 2.769576562500000000e+05
2.733761250000000000e+05 2.718042812500000000e+05 2.728128125000000000e+05 2.755090312500000000e+05
2.749447812500000000e+05 2.743750625000000000e+05 2.749152187500000000e+05 2.755386875000000000e+05
2.802900312500000000e+05 2.808210625000000000e+05 2.803503750000000000e+05 2.797031250000000000e+05
2.817320312500000000e+05 2.813511875000000000e+05 2.811542187500000000e+05 2.826987187500000000e+05
2.815267500000000000e+05 2.814500937500000000e+05 2.816717187500000000e+05 2.814519062500000000e+05
2.777771875000000000e+05 2.770178437500000000e+05 2.771505937500000000e+05 2.791670000000000000e+05
2.758948125000000000e+05 2.763901562500000000e+05 2.740265625000000000e+05 2.772693437500000000e+05
2.797351250000000000e+05 2.797756250000000000e+05 2.811064062500000000e+05 2.783186562500000000e+05
2.800434062500000000e+05 2.806097187500000000e+05 2.801406250000000000e+05 2.793741250000000000e+05
2.786059062500000000e+05 2.780651562500000000e+05 2.779009375000000000e+05 2.798478750000000000e+05
2.789408750000000000e+05 2.790228437500000000e+05 2.791880625000000000e+05 2.786190000000000000e+05
