2.810289687500000000e+05 2.782964062500000000e+05 2.832666250000000000e+05 2.815310937500000000e+05
2.757192812500000000e+05 2.774386562500000000e+05 2.752257812500000000e+05 2.744852812500000000e+05
2.778522187500000000e+05 2.770482500000000000e+05 2.778092812500000000e+05 2.787055000000000000e+05
2.789885312500000000e+05 2.787279062500000000e+05 2.797517500000000000e+05 2.784899375000000000e+05
2.792863750000000000e+05 2.792384687500000000e+05 2.783007187500000000e+05 2.803235000000000000e+05
2.768418437500000000e+05 2.771640937500000000e+05 2.767648750000000000e+05 2.765930625000000000e+05
2.750759687500000000e+05 2.745046562500000000e+05 2.748526875000000000e+05 2.758600312500000000e+05
2.731746562500000000e+05 2.746867500000000000e+05 2.722442500000000000e+05 2.725714687500000000e+05
2.768467812500000000e+05 2.753601250000000000e+05 2.778444687500000000e+05 2.773386562500000000e+05
2.767175000000000000e+05 2.762852500000000000e+05 2.776307812500000000e+05 2.762335625000000000e+05
2.761900312500000000e+05 2.759331562500000000e+05 2.767237500000000000e+05 2.759040312500000000e+05
2.774298437500000000e+05 2.774995000000000000e+05 2.778241875000000000e+05 2.769623125000000000e+05
2.771187187500000000e+05 2.767480937500000000e+05 2.769583437500000000e+05 2.776517187500000000e+05
2.737655937500000000e+05 2.742783125000000000e+05 2.743899375000000000e+05 2.726298437500000000e+05
2.717736562500000000e+05 2.726530000000000000e+05 2.718081875000000000e+05 2.708602500000000000e+05
2.753590312500000000e+05 2.725626250000000000e+05 2.758380625000000000e+05 2.776819062500000000e+05
2.695335937500000000e+05 2.717735000000000000e+05 2.689001875000000000e+05 2.679268125000000000e+05
2.732044062500000000e+05 2.736907500000000000e+05 2.731930000000000000e+05 2.727133125000000000e+05
2.785792812500000000e+05 2.779124375000000000e+05 2.791546562500000000e+05 2.786680312500000000e+05
2.781656562500000000e+05 2.757171562500000000e+05 2.796273750000000000e+05 2.791526875000000000e+05
2.698519062500000000e+05 2.716879375000000000e+05 2.695955000000000000e+05 2.682735000000000000e+05
2.711212187500000000e+05 2.737504687500000000e+05 2.706474062500000000e+05 2.689685000000000000e+05
2.771179375000000000e+05 2.771773750000000000e+05 2.767222500000000000e+05 2.774601250000000000e+05
2.787836562500000000e+05 2.778408437500000000e+05 2.796431250000000000e+05 2.788647812500000000e+05
2.766987812500000000e+05 2.780679375000000000e+05 2.759898750000000000e+05 2.760244375000000000e+05
2.803202500000000000e+05 2.787383437500000000e+05 2.810518125000000000e+05 2.811730000000000000e+05
2.776601562500000000e+05 2.799721875000000000e+05 2.765057500000000000e+05 2.765043750000000000e+05
2.753862812500000000e+05 2.758188750000000000e+05 2.758292187500000000e+05 2.745120625000000000e+05
2.756523437500000000e+05 2.747524375000000000e+05 2.767800000000000000e+05 2.754223437500000000e+05
2.740552812500000000e+05 2.755512187500000000e+05 2.738305000000000000e+05 2.727868750000000000e+05
2.741665937500000000e+05 2.744968437500000000e+05 2.742828125000000000e+05 2.737213750000000000e+05
2.736614687500000000e+05 2.743169687500000000e+05 2.737546875000000000e+05 2.729129062500000000e+05
2.742965000000000000e+05 2.734459062500000000e+05 2.752308125000000000e+05 2.742131250000000000e+05
2.753164062500000000e+05 2.752462812500000000e+05 2.754789062500000000e+05 2.752315625000000000e+05
2.775393437500000000e+05 2.770005937500000000e+05 2.786085000000000000e+05 2.770085625000000000e+05
2.783297500000000000e+05 2.773406875000000000e+05 2.787442500000000000e+05 2.789105000000000000e+05
2.752936562500000000e+05 2.759411562500000000e+05 2.744771562500000000e+05 2.754572812500000000e+05
2.738946562500000000e+05 2.740944375000000000e+05 2.737697500000000000e+05 2.738255312500000000e+05
2.727344062500000000e+05 2.745379062500000000e+05 2.719393750000000000e+05 2.717217500000000000e+05
2.783399687500000000e+05 2.746323125000000000e+05 2.806847812500000000e+05 2.797085000000000000e+05
2.724377187500000000e+05 2.747700625000000000e+05 2.710399687500000000e+05 2.715011875000000000e+05
2.781372812500000000e+05 2.770816875000000000e+05 2.775180625000000000e+05 2.798157812500000000e+05
2.790452812500000000e+05 2.796076562500000000e+05 2.791419062500000000e+05 2.783881875000000000e+05
2.789860937500000000e+05 2.786983750000000000e+05 2.782123750000000000e+05 2.800428437500000000e+05
2.769364062500000000e+05 2.789738750000000000e+05 2.762506250000000000e+05 2.755883125000000000e+05
2.795906562500000000e+05 2.773007500000000000e+05 2.804089375000000000e+05 2.810696875000000000e+05
