2.984336250000000000e+05 2.982127500000000000e+05 2.987143750000000000e+05 2.983733125000000000e+05
2.963686250000000000e+05 2.957140625000000000e+05 2.954073437500000000e+05 2.979789062500000000e+05
2.990194062500000000e+05 2.995135937500000000e+05 2.991709687500000000e+05 2.983766875000000000e+05
2.985006875000000000e+05 2.991465000000000000e+05 2.979840937500000000e+05 2.983600937500000000e+05
2.984342812500000000e+05 2.984221250000000000e+05 2.985329687500000000e+05 2.983480000000000000e+05
3.002954687500000000e+05 3.005757812500000000e+05 3.008173750000000000e+05 2.994995000000000000e+05
2.991192500000000000e+05 2.991070312500000000e+05 2.986165937500000000e+05 2.996348437500000000e+05
2.993084062500000000e+05 2.985086250000000000e+05 2.996413125000000000e+05 2.997763437500000000e+05
3.014377187500000000e+05 3.017125625000000000e+05 3.020235625000000000e+05 3.005731250000000000e+05
2.966311250000000000e+05 2.952724062500000000e+05 2.965772500000000000e+05 2.980397500000000000e+05
2.967137187500000000e+05 2.963133125000000000e+05 2.968143750000000000e+05 2.970264375000000000e+05
2.989901562500000000e+05 2.988166562500000000e+05 2.994726250000000000e+05 2.986788437500000000e+05
2.986110312500000000e+05 2.978954375000000000e+05 2.983502812500000000e+05 2.995979687500000000e+05
3.005293125000000000e+05 3.012093750000000000e+05 3.005740625000000000e+05 2.998169062500000000e+05
3.006414062500000000e+05 3.012760000000000000e+05 3.002557812500000000e+05 3.004131875000000000e+05
3.013534375000000000e+05 3.013853125000000000e+05 3.015067812500000000e+05 3.011683437500000000e+05
3.007236250000000000e+05 2.998498437500000000e+05 3.008045000000000000e+05 3.015206250000000000e+05
3.020532812500000000e+05 3.017411875000000000e+05 3.031448750000000000e+05 3.012681562500000000e+05
2.977143125000000000e+05 2.974583437500000000e+05 2.966254375000000000e+05 2.990498750000000000e+05
2.984820937500000000e+05 2.988208125000000000e+05 2.986918750000000000e+05 2.979347500000000000e+05
2.991144687500000000e+05 2.993322187500000000e+05 2.976841875000000000e+05 3.003312187500000000e+05
3.051146250000000000e+05 3.057494375000000000e+05 3.063289062500000000e+05 3.032703125000000000e+05
3.009497187500000000e+05 3.013425000000000000e+05 3.006070312500000000e+05 3.009066875000000000e+05
2.970152500000000000e+05 2.964964062500000000e+05 2.960475625000000000e+05 2.985057187500000000e+05
2.997207187500000000e+05 2.995929687500000000e+05 2.991637500000000000e+05 3.004115625000000000e+05
3.012838125000000000e+05 3.014739375000000000e+05 3.012178437500000000e+05 3.011634375000000000e+05
2.992686562500000000e+05 2.983886250000000000e+05 2.984347500000000000e+05 3.009741875000000000e+05
3.017599687500000000e+05 3.022073750000000000e+05 3.025816250000000000e+05 3.004750000000000000e+05
2.987191875000000000e+05 2.989403750000000000e+05 2.982442812500000000e+05 2.989755625000000000e+05
2.987375625000000000e+05 2.995724375000000000e+05 2.986002500000000000e+05 2.980458125000000000e+05
2.987896562500000000e+05 2.988630312500000000e+05 2.985425937500000000e+05 2.989700312500000000e+05
2.997706562500000000e+05 2.992785937500000000e+05 2.997059062500000000e+05 3.003290312500000000e+05
3.000840312500000000e+05 3.004397187500000000e+05 2.997630937500000000e+05 3.000477187500000000e+05
2.968350312500000000e+05 2.971746250000000000e+05 2.967816562500000000e+05 2.965521562500000000e+05
2.953821250000000000e+05 2.938447500000000000e+05 2.946793437500000000e+05 2.976215937500000000e+05
3.023810000000000000e+05 3.032444375000000000e+05 3.024811562500000000e+05 3.014209687500000000e+05
3.009387812500000000e+05 3.012705937500000000e+05 3.001800000000000000e+05 3.013615312500000000e+05
2.997809687500000000e+05 2.998792812500000000e+05 2.992772187500000000e+05 3.001904062500000000e+05
2.979076562500000000e+05 2.971589062500000000e+05 2.964665625000000000e+05 3.001055000000000000e+05
3.026583437500000000e+05 3.033956875000000000e+05 3.049374062500000000e+05 2.996429375000000000e+05
2.953866562500000000e+05 2.945973437500000000e+05 2.950215000000000000e+05 2.965441562500000000e+05
2.955567812500000000e+05 2.943453437500000000e+05 2.952850625000000000e+05 2.970464687500000000e+05
2.980368125000000000e+05 2.979235000000000000e+05 2.980262187500000000e+05 2.981640937500000000e+05
2.942864062500000000e+05 2.939317187500000000e+05 2.943808125000000000e+05 2.945513750000000000e+05
2.815819062500000000e+05 2.824519687500000000e+05 2.813059687500000000e+05 2.809891250000000000e+05
2.507361875000000000e+05 2.509090468750000000e+05 2.517142500000000000e+05 2.495839687500000000e+05
