5.174346645504000000e+12
-6.073473843200000000e+10
-8.876582912000000000e+09
-8.801146880000000000e+09
-2.973466880000000000e+09
-2.957334528000000000e+09
-1.376901248000000000e+09
-1.346302080000000000e+09
-7.599896960000000000e+08
-7.284766720000000000e+08
-4.692038080000000000e+08
-4.420497920000000000e+08
-3.128983680000000000e+08
-2.909596800000000000e+08
-2.206074560000000000e+08
-2.033367680000000000e+08
-1.621795840000000000e+08
-1.487168160000000000e+08
-1.231749440000000000e+08
-1.127004800000000000e+08
-9.603884800000000000e+07
-8.786927200000000000e+07
-7.652751200000000000e+07
-7.012338400000000000e+07
-6.211522800000000000e+07
-5.706157200000000000e+07
-5.122616400000000000e+07
-4.720764000000000000e+07
-4.283819600000000000e+07
-3.961636400000000000e+07
-3.626666400000000000e+07
-3.366138400000000000e+07
-3.104041000000000000e+07
-2.891534000000000000e+07
-2.682769000000000000e+07
-2.507926800000000000e+07
-2.339026200000000000e+07
-2.193945600000000000e+07
-2.055406400000000000e+07
-1.934023000000000000e+07
-1.818996200000000000e+07
-1.716628800000000000e+07
-1.620084100000000000e+07
-1.533095300000000000e+07
-1.451274300000000000e+07
-1.376819100000000000e+07
-1.306870500000000000e+07
-1.242708000000000000e+07
-1.182438100000000000e+07
-1.126791200000000000e+07
-1.074490900000000000e+07
-1.025940400000000000e+07
-9.802626000000000000e+06
-9.376672000000000000e+06
-8.975390000000000000e+06
-8.599743000000000000e+06
-8.245327000000000000e+06
-7.912452500000000000e+06
-7.597899500000000000e+06
-7.301613000000000000e+06
-7.021191000000000000e+06
-6.756383500000000000e+06
-6.505364500000000000e+06
-6.267789500000000000e+06
-6.042245000000000000e+06
-5.828350000000000000e+06
-5.624994000000000000e+06
-5.431791000000000000e+06
-5.247855500000000000e+06
-5.072815500000000000e+06
-4.905957000000000000e+06
-4.746928000000000000e+06
-4.595149500000000000e+06
-4.450291000000000000e+06
-4.311881000000000000e+06
-4.179612250000000000e+06
-4.053097500000000000e+06
-3.932052250000000000e+06
-3.816158250000000000e+06
-3.705151250000000000e+06
-3.598770500000000000e+06
-3.496769500000000000e+06
-3.398934750000000000e+06
-3.305036500000000000e+06
-3.214900750000000000e+06
-3.128312250000000000e+06
-3.045130250000000000e+06
-2.965152250000000000e+06
-2.888266000000000000e+06
-2.814280250000000000e+06
-2.743107000000000000e+06
-2.674565000000000000e+06
-2.608586750000000000e+06
-2.545000250000000000e+06
-2.483755750000000000e+06
-2.424689250000000000e+06
-2.367766000000000000e+06
-2.312829500000000000e+06
-2.259857750000000000e+06
-2.208701250000000000e+06
-2.159349500000000000e+06
-2.111658250000000000e+06
-2.065627250000000000e+06
-2.021117750000000000e+06
-1.978137875000000000e+06
-1.936553875000000000e+06
-1.896381375000000000e+06
-1.857491000000000000e+06
-1.819904625000000000e+06
-1.783497500000000000e+06
-1.748296875000000000e+06
-1.714182000000000000e+06
-1.681184625000000000e+06
-1.649188000000000000e+06
-1.618227875000000000e+06
-1.588190875000000000e+06
-1.559116500000000000e+06
-1.530894500000000000e+06
-1.503567250000000000e+06
-1.477027875000000000e+06
-1.451321250000000000e+06
-1.426343500000000000e+06
-1.402141250000000000e+06
-1.378613875000000000e+06
-1.355809750000000000e+06
-1.333630875000000000e+06
-1.312127000000000000e+06
-1.291202875000000000e+06
-1.270909375000000000e+06
-1.251153875000000000e+06
-1.231988000000000000e+06
-1.213321625000000000e+06
-1.195207125000000000e+06
-1.177556625000000000e+06
-1.160423125000000000e+06
-1.143721000000000000e+06
-1.127503500000000000e+06
-1.111687375000000000e+06
-1.096325875000000000e+06
-1.081337875000000000e+06
-1.066776750000000000e+06
-1.052563500000000000e+06
-1.038751500000000000e+06
-1.025263500000000000e+06
-1.012152812500000000e+06
-9.993441875000000000e+05
-9.868906250000000000e+05
-9.747187500000000000e+05
-9.628813125000000000e+05
-9.513067500000000000e+05
-9.400472500000000000e+05
-9.290331875000000000e+05
-9.183163125000000000e+05
-9.078285625000000000e+05
-8.976213125000000000e+05
-8.876281250000000000e+05
-8.778997500000000000e+05
-8.683715625000000000e+05
-8.590935625000000000e+05
-8.500027500000000000e+05
-8.411485000000000000e+05
-8.324693125000000000e+05
-8.240140000000000000e+05
-8.157224375000000000e+05
-8.076428750000000000e+05
-7.997165625000000000e+05
-7.919910625000000000e+05
-7.844090625000000000e+05
-7.770174375000000000e+05
-7.697602500000000000e+05
-7.626836250000000000e+05
-7.557328750000000000e+05
-7.489535625000000000e+05
-7.422921875000000000e+05
-7.357935625000000000e+05
-7.294056250000000000e+05
-7.231722500000000000e+05
-7.170426875000000000e+05
-7.110600625000000000e+05
-7.051747500000000000e+05
-6.994293125000000000e+05
-6.937751250000000000e+05
-6.882540625000000000e+05
-6.828186875000000000e+05
-6.775100625000000000e+05
-6.722818750000000000e+05
-6.671743750000000000e+05
-6.621425000000000000e+05
-6.572256875000000000e+05
-6.523798125000000000e+05
-6.476438125000000000e+05
-6.429743750000000000e+05
-6.384097500000000000e+05
-6.339077500000000000e+05
-6.295058125000000000e+05
-6.251627500000000000e+05
-6.209152500000000000e+05
-6.167231250000000000e+05
-6.126223125000000000e+05
-6.085735625000000000e+05
-6.046121250000000000e+05
-6.006996875000000000e+05
-5.968708125000000000e+05
-5.930879375000000000e+05
-5.893851875000000000e+05
-5.857256250000000000e+05
-5.821428125000000000e+05
-5.786006875000000000e+05
-5.751320000000000000e+05
-5.717016875000000000e+05
-5.683418125000000000e+05
-5.650180000000000000e+05
-5.617617500000000000e+05
-5.585395000000000000e+05
-5.553820625000000000e+05
-5.522566250000000000e+05
-5.491934375000000000e+05
-5.461603750000000000e+05
-5.431871250000000000e+05
-5.402422500000000000e+05
-5.373548125000000000e+05
-5.344941875000000000e+05
-5.316887500000000000e+05
-5.289085000000000000e+05
-5.261814375000000000e+05
-5.234781250000000000e+05
-5.208259375000000000e+05
-5.181961562500000000e+05
-5.156156250000000000e+05
-5.130561562500000000e+05
-5.105441562500000000e+05
-5.080520312500000000e+05
-5.056056562500000000e+05
-5.031780000000000000e+05
-5.007944375000000000e+05
-4.984285625000000000e+05
-4.961052187500000000e+05
-4.937985312500000000e+05
-4.915329062500000000e+05
-4.892830000000000000e+05
-4.870726875000000000e+05
-4.848772500000000000e+05
-4.827200312500000000e+05
-4.805768437500000000e+05
-4.784706250000000000e+05
-4.763776250000000000e+05
-4.743203437500000000e+05
-4.722755625000000000e+05
-4.702652812500000000e+05
-4.682668437500000000e+05
-4.663017500000000000e+05
-4.643478437500000000e+05
-4.624262500000000000e+05
-4.605151875000000000e+05
-4.586354062500000000e+05
-4.567655937500000000e+05
-4.549260625000000000e+05
-4.530959375000000000e+05
-4.512951562500000000e+05
-4.495032812500000000e+05
-4.477398125000000000e+05
-4.459847812500000000e+05
-4.442573125000000000e+05
-4.425378125000000000e+05
-4.408450312500000000e+05
-4.391597812500000000e+05
-4.375004687500000000e+05
-4.358482812500000000e+05
-4.342212812500000000e+05
-4.326010000000000000e+05
-4.310051562500000000e+05
-4.294157187500000000e+05
-4.278500000000000000e+05
-4.262903125000000000e+05
-4.247536875000000000e+05
-4.232228125000000000e+05
-4.217143125000000000e+05
-4.202112812500000000e+05
-4.187300000000000000e+05
-4.172538750000000000e+05
-4.157989062500000000e+05
-4.143488437500000000e+05
-4.129193750000000000e+05
-4.114945312500000000e+05
-4.100897187500000000e+05
-4.086893125000000000e+05
-4.073084062500000000e+05
-4.059317187500000000e+05
-4.045739687500000000e+05
-4.032202187500000000e+05
-4.018849375000000000e+05
-4.005534375000000000e+05
-3.992399375000000000e+05
-3.979300625000000000e+05
-3.966376875000000000e+05
-3.953487500000000000e+05
-3.940769375000000000e+05
-3.928083437500000000e+05
-3.915564375000000000e+05
-3.903076250000000000e+05
-3.890750937500000000e+05
-3.878455000000000000e+05
-3.866317500000000000e+05
-3.854208437500000000e+05
-3.842253750000000000e+05
-3.830326250000000000e+05
-3.818549687500000000e+05
-3.806798750000000000e+05
-3.795195312500000000e+05
-3.783616562500000000e+05
-3.772181250000000000e+05
-3.760769687500000000e+05
-3.749498750000000000e+05
-3.738250000000000000e+05
-3.727138750000000000e+05
-3.716049062500000000e+05
-3.705093437500000000e+05
-3.694158437500000000e+05
-3.683354375000000000e+05
-3.672570312500000000e+05
-3.661914062500000000e+05
-3.651277187500000000e+05
-3.640765312500000000e+05
-3.630271875000000000e+05
-3.619900625000000000e+05
-3.609547500000000000e+05
-3.599313750000000000e+05
-3.589096875000000000e+05
-3.578997500000000000e+05
-3.568914375000000000e+05
-3.558945625000000000e+05
-3.548993125000000000e+05
-3.539152187500000000e+05
-3.529326875000000000e+05
-3.519611562500000000e+05
-3.509910625000000000e+05
-3.500317187500000000e+05
-3.490738437500000000e+05
-3.481264375000000000e+05
-3.471804687500000000e+05
-3.462447500000000000e+05
-3.453104062500000000e+05
-3.443861562500000000e+05
-3.434632187500000000e+05
-3.425501562500000000e+05
-3.416383750000000000e+05
-3.407362500000000000e+05
-3.398353750000000000e+05
-3.389440000000000000e+05
-3.380538437500000000e+05
-3.371729687500000000e+05
-3.362932812500000000e+05
-3.354227187500000000e+05
-3.345532812500000000e+05
-3.336927812500000000e+05
-3.328334375000000000e+05
-3.319828437500000000e+05
-3.311333437500000000e+05
-3.302924375000000000e+05
-3.294525937500000000e+05
-3.286212187500000000e+05
-3.277908750000000000e+05
-3.269687812500000000e+05
-3.261477500000000000e+05
-3.253348437500000000e+05
-3.245229375000000000e+05
-3.237190000000000000e+05
-3.229160312500000000e+05
-3.221209062500000000e+05
-3.213267812500000000e+05
-3.205402812500000000e+05
-3.197547812500000000e+05
-3.189768125000000000e+05
-3.181997812500000000e+05
-3.174301562500000000e+05
-3.166614375000000000e+05
-3.159000000000000000e+05
-3.151395000000000000e+05
-3.143861250000000000e+05
-3.136336562500000000e+05
-3.128881875000000000e+05
-3.121436562500000000e+05
-3.114059687500000000e+05
-3.106691875000000000e+05
-3.099391250000000000e+05
-3.092100000000000000e+05
-3.084875000000000000e+05
-3.077658437500000000e+05
-3.070507500000000000e+05
-3.063365000000000000e+05
-3.056286562500000000e+05
-3.049216875000000000e+05
-3.042210312500000000e+05
-3.035212187500000000e+05
-3.028275625000000000e+05
-3.021348125000000000e+05
-3.014480937500000000e+05
-3.007622500000000000e+05
-3.000823750000000000e+05
-2.994033437500000000e+05
-2.987301875000000000e+05
-2.980578750000000000e+05
-2.973913437500000000e+05
-2.967256250000000000e+05
-2.960655937500000000e+05
-2.954064062500000000e+05
-2.947527812500000000e+05
-2.941000000000000000e+05
-2.934527187500000000e+05
-2.928062500000000000e+05
-2.921651562500000000e+05
-2.915249062500000000e+05
-2.908899687500000000e+05
-2.902558750000000000e+05
-2.896269687500000000e+05
-2.889989062500000000e+05
-2.883759687500000000e+05
-2.877538437500000000e+05
-2.871367812500000000e+05
-2.865205000000000000e+05
-2.859092187500000000e+05
-2.852987500000000000e+05
-2.846931875000000000e+05
-2.840884375000000000e+05
-2.834884687500000000e+05
-2.828893437500000000e+05
-2.822949375000000000e+05
-2.817013437500000000e+05
-2.811124062500000000e+05
-2.805242812500000000e+05
-2.799407500000000000e+05
-2.793580312500000000e+05
-2.787798125000000000e+05
-2.782024062500000000e+05
-2.776294375000000000e+05
-2.770572812500000000e+05
-2.764895000000000000e+05
-2.759225312500000000e+05
-2.753598750000000000e+05
-2.747980000000000000e+05
-2.742403750000000000e+05
-2.736835625000000000e+05
-2.731309062500000000e+05
-2.725790625000000000e+05
-2.720313125000000000e+05
-2.714844062500000000e+05
-2.709415000000000000e+05
-2.703994375000000000e+05
-2.698613437500000000e+05
-2.693240312500000000e+05
-2.687906875000000000e+05
-2.682580937500000000e+05
-2.677294062500000000e+05
-2.672015000000000000e+05
-2.666774062500000000e+05
-2.661541250000000000e+05
-2.656345625000000000e+05
-2.651158437500000000e+05
-2.646007812500000000e+05
-2.640865312500000000e+05
-2.635759062500000000e+05
-2.630660937500000000e+05
-2.625598750000000000e+05
-2.620544375000000000e+05
-2.615525468750000000e+05
-2.610514375000000000e+05
-2.605538125000000000e+05
-2.600570000000000000e+05
-2.595635937500000000e+05
-2.590710000000000000e+05
-2.585817656250000000e+05
-2.580933437500000000e+05
-2.576082500000000000e+05
-2.571239531250000000e+05
-2.566429218750000000e+05
-2.561626875000000000e+05
-2.556856875000000000e+05
-2.552095000000000000e+05
-2.547364687500000000e+05
-2.542642500000000000e+05
-2.537951718750000000e+05
-2.533268750000000000e+05
-2.528616718750000000e+05
-2.523972812500000000e+05
-2.519359062500000000e+05
-2.514753593750000000e+05
-2.510177812500000000e+05
-2.505610156250000000e+05
-2.501072187500000000e+05
-2.496542031250000000e+05
-2.492040937500000000e+05
-2.487547968750000000e+05
-2.483083593750000000e+05
-2.478627343750000000e+05
-2.474199218750000000e+05
-2.469779062500000000e+05
-2.465386875000000000e+05
-2.461002656250000000e+05
-2.456645781250000000e+05
-2.452297031250000000e+05
-2.447975156250000000e+05
-2.443661406250000000e+05
-2.439374375000000000e+05
-2.435095156250000000e+05
-2.430842343750000000e+05
-2.426597500000000000e+05
-2.422378593750000000e+05
-2.418167500000000000e+05
-2.413982187500000000e+05
-2.409804687500000000e+05
-2.405652343750000000e+05
-2.401507968750000000e+05
-2.397388437500000000e+05
-2.393276875000000000e+05
-2.389189843750000000e+05
-2.385110625000000000e+05
-2.381055625000000000e+05
-2.377008437500000000e+05
-2.372985156250000000e+05
-2.368969687500000000e+05
-2.364977812500000000e+05
-2.360993750000000000e+05
-2.357032812500000000e+05
-2.353079843750000000e+05
-2.349149531250000000e+05
-2.345227343750000000e+05
-2.341327500000000000e+05
-2.337435468750000000e+05
-2.333565625000000000e+05
-2.329703750000000000e+05
-2.325863593750000000e+05
-2.322031406250000000e+05
-2.318220781250000000e+05
-2.314417968750000000e+05
-2.310636406250000000e+05
-2.306862656250000000e+05
-2.303109843750000000e+05
-2.299365000000000000e+05
-2.295640625000000000e+05
-2.291924218750000000e+05
-2.288228125000000000e+05
-2.284539843750000000e+05
-2.280871562500000000e+05
-2.277211250000000000e+05
-2.273570625000000000e+05
-2.269937812500000000e+05
-2.266324531250000000e+05
-2.262719062500000000e+05
-2.259132812500000000e+05
-2.255554218750000000e+05
-2.251994687500000000e+05
-2.248442968750000000e+05
-2.244910000000000000e+05
-2.241384687500000000e+05
-2.237877812500000000e+05
-2.234378750000000000e+05
-2.230897812500000000e+05
-2.227424687500000000e+05
-2.223969375000000000e+05
-2.220521875000000000e+05
-2.217092031250000000e+05
-2.213670000000000000e+05
-2.210265312500000000e+05
-2.206868281250000000e+05
-2.203488437500000000e+05
-2.200116406250000000e+05
-2.196761250000000000e+05
-2.193413593750000000e+05
-2.190082968750000000e+05
-2.186759687500000000e+05
-2.183453125000000000e+05
-2.180154062500000000e+05
-2.176871406250000000e+05
-2.173596250000000000e+05
-2.170337187500000000e+05
-2.167085625000000000e+05
-2.163850000000000000e+05
-2.160622031250000000e+05
-2.157409531250000000e+05
-2.154204531250000000e+05
-2.151015000000000000e+05
-2.147833125000000000e+05
-2.144666250000000000e+05
-2.141507031250000000e+05
-2.138362656250000000e+05
-2.135225937500000000e+05
-2.132103906250000000e+05
-2.128989375000000000e+05
-2.125889375000000000e+05
-2.122796875000000000e+05
-2.119718750000000000e+05
-2.116648125000000000e+05
-2.113591562500000000e+05
-2.110542500000000000e+05
-2.107507343750000000e+05
-2.104479687500000000e+05
-2.101465781250000000e+05
-2.098459375000000000e+05
-2.095466406250000000e+05
-2.092480781250000000e+05
-2.089508750000000000e+05
-2.086543906250000000e+05
-2.083592343750000000e+05
-2.080648125000000000e+05
-2.077717031250000000e+05
-2.074793125000000000e+05
-2.071882187500000000e+05
-2.068978437500000000e+05
-2.066087500000000000e+05
-2.063203750000000000e+05
-2.060332500000000000e+05
-2.057468593750000000e+05
-2.054617031250000000e+05
-2.051772656250000000e+05
-2.048940468750000000e+05
-2.046115468750000000e+05
-2.043302500000000000e+05
-2.040496718750000000e+05
-2.037702656250000000e+05
-2.034915937500000000e+05
-2.032140781250000000e+05
-2.029372968750000000e+05
-2.026616562500000000e+05
-2.023867187500000000e+05
-2.021129375000000000e+05
-2.018398437500000000e+05
-2.015678906250000000e+05
-2.012966406250000000e+05
-2.010265000000000000e+05
-2.007570625000000000e+05
-2.004887031250000000e+05
-2.002210625000000000e+05
-1.999545000000000000e+05
-1.996886250000000000e+05
-1.994238281250000000e+05
-1.991597187500000000e+05
-1.988966562500000000e+05
-1.986342968750000000e+05
-1.983729687500000000e+05
-1.981123281250000000e+05
-1.978527187500000000e+05
-1.975937968750000000e+05
-1.973358750000000000e+05
-1.970786562500000000e+05
-1.968224062500000000e+05
-1.965668593750000000e+05
-1.963122968750000000e+05
-1.960584062500000000e+05
-1.958054843750000000e+05
-1.955532500000000000e+05
-1.953019531250000000e+05
-1.950513593750000000e+05
-1.948016875000000000e+05
-1.945526875000000000e+05
-1.943046250000000000e+05
-1.940572343750000000e+05
-1.938107656250000000e+05
-1.935649687500000000e+05
-1.933200625000000000e+05
-1.930758281250000000e+05
-1.928324843750000000e+05
-1.925898125000000000e+05
-1.923480156250000000e+05
-1.921068906250000000e+05
-1.918666250000000000e+05
-1.916270312500000000e+05
-1.913882656250000000e+05
-1.911501875000000000e+05
-1.909129375000000000e+05
-1.906763593750000000e+05
-1.904405937500000000e+05
-1.902055000000000000e+05
-1.899712031250000000e+05
-1.897375781250000000e+05
-1.895047500000000000e+05
-1.892725937500000000e+05
-1.890412187500000000e+05
-1.888105000000000000e+05
-1.885805468750000000e+05
-1.883512656250000000e+05
-1.881227343750000000e+05
-1.878948750000000000e+05
-1.876677500000000000e+05
-1.874412968750000000e+05
-1.872155781250000000e+05
-1.869905000000000000e+05
-1.867661718750000000e+05
-1.865424843750000000e+05
-1.863195156250000000e+05
-1.860972031250000000e+05
-1.858755937500000000e+05
-1.856546250000000000e+05
-1.854343593750000000e+05
-1.852147343750000000e+05
-1.849958125000000000e+05
-1.847775156250000000e+05
-1.845599062500000000e+05
-1.843429375000000000e+05
-1.841266406250000000e+05
-1.839109843750000000e+05
-1.836959687500000000e+05
-1.834816093750000000e+05
-1.832678906250000000e+05
-1.830548125000000000e+05
-1.828423593750000000e+05
-1.826305468750000000e+05
-1.824193750000000000e+05
-1.822088125000000000e+05
-1.819988906250000000e+05
-1.817895781250000000e+05
-1.815808906250000000e+05
-1.813728281250000000e+05
-1.811653750000000000e+05
-1.809585312500000000e+05
-1.807522968750000000e+05
-1.805466718750000000e+05
-1.803416406250000000e+05
-1.801372187500000000e+05
-1.799333750000000000e+05
-1.797301562500000000e+05
-1.795275000000000000e+05
-1.793254531250000000e+05
-1.791239843750000000e+05
-1.789231093750000000e+05
-1.787228125000000000e+05
-1.785230937500000000e+05
-1.783239375000000000e+05
-1.781253906250000000e+05
-1.779273750000000000e+05
-1.777299687500000000e+05
-1.775330937500000000e+05
-1.773368125000000000e+05
-1.771410625000000000e+05
-1.769459062500000000e+05
-1.767512656250000000e+05
-1.765572187500000000e+05
-1.763636875000000000e+05
-1.761707343750000000e+05
-1.759782968750000000e+05
-1.757864531250000000e+05
-1.755950937500000000e+05
-1.754043281250000000e+05
-1.752140468750000000e+05
-1.750243593750000000e+05
-1.748351406250000000e+05
-1.746465156250000000e+05
-1.744583593750000000e+05
-1.742707812500000000e+05
-1.740836718750000000e+05
-1.738971562500000000e+05
-1.737110781250000000e+05
-1.735255937500000000e+05
-1.733405468750000000e+05
-1.731560781250000000e+05
-1.729720625000000000e+05
-1.727886250000000000e+05
-1.726056093750000000e+05
-1.724231718750000000e+05
-1.722411718750000000e+05
-1.720597343750000000e+05
-1.718787343750000000e+05
-1.716982968750000000e+05
-1.715182656250000000e+05
-1.713388125000000000e+05
-1.711597656250000000e+05
-1.709812812500000000e+05
-1.708032031250000000e+05
-1.706256875000000000e+05
-1.704485781250000000e+05
-1.702720156250000000e+05
-1.700958593750000000e+05
-1.699202500000000000e+05
-1.697450312500000000e+05
-1.695703750000000000e+05
-1.693960781250000000e+05
-1.692223593750000000e+05
-1.690490000000000000e+05
-1.688762031250000000e+05
-1.687037656250000000e+05
-1.685318750000000000e+05
-1.683603593750000000e+05
-1.681893906250000000e+05
-1.680187656250000000e+05
-1.678487031250000000e+05
-1.676789843750000000e+05
-1.675097968750000000e+05
-1.673409687500000000e+05
-1.671726875000000000e+05
-1.670047343750000000e+05
-1.668373281250000000e+05
-1.666702500000000000e+05
-1.665037187500000000e+05
-1.663375156250000000e+05
-1.661718437500000000e+05
-1.660065000000000000e+05
-1.658416875000000000e+05
-1.656772031250000000e+05
-1.655132343750000000e+05
-1.653495937500000000e+05
-1.651864687500000000e+05
-1.650236718750000000e+05
-1.648613906250000000e+05
-1.646994062500000000e+05
-1.645379531250000000e+05
-1.643767968750000000e+05
-1.642161718750000000e+05
-1.640558437500000000e+05
-1.638960312500000000e+05
-1.637365000000000000e+05
-1.635775000000000000e+05
-1.634187812500000000e+05
-1.632605781250000000e+05
-1.631026562500000000e+05
-1.629452656250000000e+05
-1.627881250000000000e+05
-1.626315156250000000e+05
-1.624751718750000000e+05
-1.623193281250000000e+05
-1.621637656250000000e+05
-1.620087031250000000e+05
-1.618539062500000000e+05
-1.616996250000000000e+05
-1.615455937500000000e+05
-1.613920625000000000e+05
-1.612387968750000000e+05
-1.610860312500000000e+05
-1.609335156250000000e+05
-1.607815000000000000e+05
-1.606297187500000000e+05
-1.604784531250000000e+05
-1.603274218750000000e+05
-1.601768906250000000e+05
-1.600265937500000000e+05
-1.598767968750000000e+05
-1.597272187500000000e+05
-1.595781562500000000e+05
-1.594292968750000000e+05
-1.592809531250000000e+05
-1.591328125000000000e+05
-1.589851875000000000e+05
-1.588377656250000000e+05
-1.586908437500000000e+05
-1.585441250000000000e+05
-1.583979062500000000e+05
-1.582518906250000000e+05
-1.581063593750000000e+05
-1.579610312500000000e+05
-1.578162031250000000e+05
-1.576715781250000000e+05
-1.575274218750000000e+05
-1.573834687500000000e+05
-1.572400156250000000e+05
-1.570967343750000000e+05
-1.569539531250000000e+05
-1.568113437500000000e+05
-1.566692187500000000e+05
-1.565272968750000000e+05
-1.563858437500000000e+05
-1.562445625000000000e+05
-1.561037656250000000e+05
-1.559631562500000000e+05
-1.558230156250000000e+05
-1.556830468750000000e+05
-1.555435468750000000e+05
-1.554042343750000000e+05
-1.552653906250000000e+05
-1.551267031250000000e+05
-1.549885000000000000e+05
-1.548504531250000000e+05
-1.547128750000000000e+05
-1.545754687500000000e+05
-1.544385156250000000e+05
-1.543017343750000000e+05
-1.541654062500000000e+05
-1.540292343750000000e+05
-1.538935312500000000e+05
-1.537579843750000000e+05
-1.536228906250000000e+05
-1.534879531250000000e+05
-1.533534687500000000e+05
-1.532191406250000000e+05
-1.530852656250000000e+05
-1.529515312500000000e+05
-1.528182500000000000e+05
-1.526851250000000000e+05
-1.525524375000000000e+05
-1.524198906250000000e+05
-1.522878125000000000e+05
-1.521558437500000000e+05
-1.520243437500000000e+05
-1.518929687500000000e+05
-1.517620468750000000e+05
-1.516312500000000000e+05
-1.515009062500000000e+05
-1.513706875000000000e+05
-1.512409218750000000e+05
-1.511112656250000000e+05
-1.509820625000000000e+05
-1.508529687500000000e+05
-1.507243281250000000e+05
-1.505958125000000000e+05
-1.504677343750000000e+05
-1.503397656250000000e+05
-1.502122343750000000e+05
-1.500848125000000000e+05
-1.499578437500000000e+05
-1.498309687500000000e+05
-1.497045468750000000e+05
-1.495782187500000000e+05
-1.494523437500000000e+05
-1.493265468750000000e+05
-1.492012031250000000e+05
-1.490759531250000000e+05
-1.489511406250000000e+05
-1.488264375000000000e+05
-1.487021562500000000e+05
-1.485779531250000000e+05
-1.484542031250000000e+05
-1.483305468750000000e+05
-1.482073125000000000e+05
-1.480841562500000000e+05
-1.479614531250000000e+05
-1.478388125000000000e+05
-1.477166250000000000e+05
-1.475945000000000000e+05
-1.474728125000000000e+05
-1.473512031250000000e+05
-1.472300312500000000e+05
-1.471089218750000000e+05
-1.469882343750000000e+05
-1.468676406250000000e+05
-1.467474531250000000e+05
-1.466273593750000000e+05
-1.465076718750000000e+05
-1.463880625000000000e+05
-1.462688593750000000e+05
-1.461497500000000000e+05
-1.460310468750000000e+05
-1.459124062500000000e+05
-1.457941875000000000e+05
-1.456760312500000000e+05
-1.455582968750000000e+05
-1.454406250000000000e+05
-1.453233593750000000e+05
-1.452061562500000000e+05
-1.450893750000000000e+05
-1.449726562500000000e+05
-1.448563281250000000e+05
-1.447400781250000000e+05
-1.446242343750000000e+05
-1.445084375000000000e+05
-1.443930468750000000e+05
-1.442777187500000000e+05
-1.441627968750000000e+05
-1.440479218750000000e+05
-1.439334687500000000e+05
-1.438190468750000000e+05
-1.437050312500000000e+05
-1.435910625000000000e+05
-1.434775156250000000e+05
-1.433639843750000000e+05
-1.432508750000000000e+05
-1.431378125000000000e+05
-1.430251406250000000e+05
-1.429125156250000000e+05
-1.428002812500000000e+05
-1.426880937500000000e+05
-1.425762968750000000e+05
-1.424645468750000000e+05
-1.423531875000000000e+05
-1.422418750000000000e+05
-1.421309531250000000e+05
-1.420200625000000000e+05
-1.419095625000000000e+05
-1.417990937500000000e+05
-1.416890312500000000e+05
-1.415789843750000000e+05
-1.414693437500000000e+05
-1.413597187500000000e+05
-1.412505000000000000e+05
-1.411412968750000000e+05
-1.410324843750000000e+05
-1.409236875000000000e+05
-1.408152968750000000e+05
-1.407069218750000000e+05
-1.405989375000000000e+05
-1.404909687500000000e+05
-1.403833906250000000e+05
-1.402758281250000000e+05
-1.401686562500000000e+05
-1.400615000000000000e+05
-1.399547343750000000e+05
-1.398479687500000000e+05
-1.397416093750000000e+05
-1.396352500000000000e+05
-1.395292656250000000e+05
-1.394233125000000000e+05
-1.393177343750000000e+05
-1.392121562500000000e+05
-1.391069687500000000e+05
