1.552228968038400000e+13
-1.831984168960000000e+11
-2.646738329600000000e+10
-2.637595033600000000e+10
-8.905381888000000000e+09
-8.925280256000000000e+09
-4.205169664000000000e+09
-4.145742848000000000e+09
-2.389502976000000000e+09
-2.305368576000000000e+09
-1.522936192000000000e+09
-1.441666560000000000e+09
-1.047700352000000000e+09
-9.781935360000000000e+08
-7.607125760000000000e+08
-7.041446400000000000e+08
-5.749405440000000000e+08
-5.298480000000000000e+08
-4.482771840000000000e+08
-4.125801600000000000e+08
-3.583672640000000000e+08
-3.300975040000000000e+08
-2.924534080000000000e+08
-2.699660800000000000e+08
-2.428289280000000000e+08
-2.248205760000000000e+08
-2.046212160000000000e+08
-1.900843200000000000e+08
-1.746325440000000000e+08
-1.627969920000000000e+08
-1.506984000000000000e+08
-1.409775040000000000e+08
-1.313143600000000000e+08
-1.232608320000000000e+08
-1.154108160000000000e+08
-1.086823760000000000e+08
-1.022118080000000000e+08
-9.654510400000000000e+07
-9.114435200000000000e+07
-8.633545600000000000e+07
-8.177843200000000000e+07
-7.766830400000000000e+07
-7.378665600000000000e+07
-7.025032000000000000e+07
-6.691641600000000000e+07
-6.385488800000000000e+07
-6.097038400000000000e+07
-5.830468800000000000e+07
-5.579270400000000000e+07
-5.345931600000000000e+07
-5.125896800000000000e+07
-4.920642000000000000e+07
-4.726892800000000000e+07
-4.545520400000000000e+07
-4.374105600000000000e+07
-4.213162400000000000e+07
-4.060851200000000000e+07
-3.917478800000000000e+07
-3.781608000000000000e+07
-3.653424800000000000e+07
-3.531779200000000000e+07
-3.416790400000000000e+07
-3.307515000000000000e+07
-3.204037000000000000e+07
-3.105569000000000000e+07
-3.012176000000000000e+07
-2.923189000000000000e+07
-2.838665600000000000e+07
-2.758029000000000000e+07
-2.681334400000000000e+07
-2.608078400000000000e+07
-2.538317400000000000e+07
-2.471607600000000000e+07
-2.408006000000000000e+07
-2.347119200000000000e+07
-2.289006800000000000e+07
-2.233315600000000000e+07
-2.180107200000000000e+07
-2.129064200000000000e+07
-2.080249200000000000e+07
-2.033375400000000000e+07
-1.988506000000000000e+07
-1.945380200000000000e+07
-1.904062200000000000e+07
-1.864314000000000000e+07
-1.826199800000000000e+07
-1.789501800000000000e+07
-1.754283600000000000e+07
-1.720345400000000000e+07
-1.687750200000000000e+07
-1.656314200000000000e+07
-1.626099200000000000e+07
-1.596935800000000000e+07
-1.568884700000000000e+07
-1.541789000000000000e+07
-1.515708200000000000e+07
-1.490497200000000000e+07
-1.466213500000000000e+07
-1.442722500000000000e+07
-1.420080400000000000e+07
-1.398162200000000000e+07
-1.377022100000000000e+07
-1.356543800000000000e+07
-1.336779700000000000e+07
-1.317621400000000000e+07
-1.299119800000000000e+07
-1.281173600000000000e+07
-1.263831800000000000e+07
-1.246999800000000000e+07
-1.230724900000000000e+07
-1.214918500000000000e+07
-1.199626300000000000e+07
-1.184765000000000000e+07
-1.170379000000000000e+07
-1.156389900000000000e+07
-1.142840200000000000e+07
-1.129656800000000000e+07
-1.116880400000000000e+07
-1.104442000000000000e+07
-1.092381000000000000e+07
-1.080632400000000000e+07
-1.069234100000000000e+07
-1.058124800000000000e+07
-1.047341000000000000e+07
-1.036824800000000000e+07
-1.026611300000000000e+07
-1.016645800000000000e+07
-1.006962300000000000e+07
-9.975090000000000000e+06
-9.883182000000000000e+06
-9.793414000000000000e+06
-9.706095000000000000e+06
-9.620764000000000000e+06
-9.537721000000000000e+06
-9.456527000000000000e+06
-9.377470000000000000e+06
-9.300137000000000000e+06
-9.224804000000000000e+06
-9.151076000000000000e+06
-9.079220000000000000e+06
-9.008862000000000000e+06
-8.940258000000000000e+06
-8.873054000000000000e+06
-8.807494000000000000e+06
-8.743242000000000000e+06
-8.680534000000000000e+06
-8.619049000000000000e+06
-8.559015000000000000e+06
-8.500125000000000000e+06
-8.442599000000000000e+06
-8.386145000000000000e+06
-8.330974500000000000e+06
-8.276810000000000000e+06
-8.223853000000000000e+06
-8.171840500000000000e+06
-8.120966000000000000e+06
-8.070978000000000000e+06
-8.022063500000000000e+06
-7.973983000000000000e+06
-7.926915000000000000e+06
-7.880631000000000000e+06
-7.835304000000000000e+06
-7.790715000000000000e+06
-7.747030000000000000e+06
-7.704041000000000000e+06
-7.661907000000000000e+06
-7.620428000000000000e+06
-7.579760000000000000e+06
-7.539710000000000000e+06
-7.500427500000000000e+06
-7.461728500000000000e+06
-7.423757000000000000e+06
-7.386337500000000000e+06
-7.349608000000000000e+06
-7.313400000000000000e+06
-7.277847000000000000e+06
-7.242788500000000000e+06
-7.208352000000000000e+06
-7.174383000000000000e+06
-7.141005000000000000e+06
-7.108071000000000000e+06
-7.075699500000000000e+06
-7.043749000000000000e+06
-7.012333500000000000e+06
-6.981317500000000000e+06
-6.950811500000000000e+06
-6.920685000000000000e+06
-6.891044000000000000e+06
-6.861764000000000000e+06
-6.832947000000000000e+06
-6.804474000000000000e+06
-6.776443000000000000e+06
-6.748738500000000000e+06
-6.721457000000000000e+06
-6.694486000000000000e+06
-6.667919000000000000e+06
-6.641649500000000000e+06
-6.615765000000000000e+06
-6.590164000000000000e+06
-6.564932000000000000e+06
-6.539971000000000000e+06
-6.515363500000000000e+06
-6.491014000000000000e+06
-6.467003000000000000e+06
-6.443239500000000000e+06
-6.419800000000000000e+06
-6.396597000000000000e+06
-6.373705500000000000e+06
-6.351040500000000000e+06
-6.328674000000000000e+06
-6.306524000000000000e+06
-6.284661000000000000e+06
-6.263006500000000000e+06
-6.241627000000000000e+06
-6.220447500000000000e+06
-6.199532500000000000e+06
-6.178809000000000000e+06
-6.158340500000000000e+06
-6.138056000000000000e+06
-6.118016500000000000e+06
-6.098154500000000000e+06
-6.078528000000000000e+06
-6.059072000000000000e+06
-6.039844000000000000e+06
-6.020779000000000000e+06
-6.001933500000000000e+06
-5.983246500000000000e+06
-5.964770000000000000e+06
-5.946446000000000000e+06
-5.928326000000000000e+06
-5.910353000000000000e+06
-5.892576500000000000e+06
-5.874942000000000000e+06
-5.857497500000000000e+06
-5.840190500000000000e+06
-5.823066500000000000e+06
-5.806075000000000000e+06
-5.789261000000000000e+06
-5.772575500000000000e+06
-5.756061500000000000e+06
-5.739671000000000000e+06
-5.723447000000000000e+06
-5.707342500000000000e+06
-5.691399000000000000e+06
-5.675572000000000000e+06
-5.659900000000000000e+06
-5.644341500000000000e+06
-5.628933500000000000e+06
-5.613635000000000000e+06
-5.598482500000000000e+06
-5.583436000000000000e+06
-5.568531000000000000e+06
-5.553729500000000000e+06
-5.539065000000000000e+06
-5.524501000000000000e+06
-5.510070500000000000e+06
-5.495737000000000000e+06
-5.481532500000000000e+06
-5.467423500000000000e+06
-5.453440000000000000e+06
-5.439548000000000000e+06
-5.425778500000000000e+06
-5.412099000000000000e+06
-5.398537500000000000e+06
-5.385063500000000000e+06
-5.371705500000000000e+06
-5.358432000000000000e+06
-5.345271000000000000e+06
-5.332192500000000000e+06
-5.319223500000000000e+06
-5.306335500000000000e+06
-5.293553500000000000e+06
-5.280850500000000000e+06
-5.268251000000000000e+06
-5.255728000000000000e+06
-5.243306500000000000e+06
-5.230960000000000000e+06
-5.218712000000000000e+06
-5.206536500000000000e+06
-5.194457500000000000e+06
-5.182449000000000000e+06
-5.170535500000000000e+06
-5.158691000000000000e+06
-5.146937500000000000e+06
-5.135253000000000000e+06
-5.123657000000000000e+06
-5.112128000000000000e+06
-5.100686000000000000e+06
-5.089308500000000000e+06
-5.078016500000000000e+06
-5.066788500000000000e+06
-5.055643500000000000e+06
-5.044560000000000000e+06
-5.033558500000000000e+06
-5.022617500000000000e+06
-5.011756000000000000e+06
-5.000954500000000000e+06
-4.990230000000000000e+06
-4.979564000000000000e+06
-4.968974000000000000e+06
-4.958441000000000000e+06
-4.947982500000000000e+06
-4.937580000000000000e+06
-4.927250000000000000e+06
-4.916975000000000000e+06
-4.906771000000000000e+06
-4.896620500000000000e+06
-4.886540500000000000e+06
-4.876512500000000000e+06
-4.866553000000000000e+06
-4.856644500000000000e+06
-4.846803500000000000e+06
-4.837012500000000000e+06
-4.827287500000000000e+06
-4.817612000000000000e+06
-4.808001000000000000e+06
-4.798438000000000000e+06
-4.788938500000000000e+06
-4.779486500000000000e+06
-4.770096000000000000e+06
-4.760753000000000000e+06
-4.751470000000000000e+06
-4.742233000000000000e+06
-4.733055500000000000e+06
-4.723923000000000000e+06
-4.714849000000000000e+06
-4.705819500000000000e+06
-4.696846500000000000e+06
-4.687917000000000000e+06
-4.679044000000000000e+06
-4.670214000000000000e+06
-4.661438500000000000e+06
-4.652705000000000000e+06
-4.644026000000000000e+06
-4.635388000000000000e+06
-4.626802500000000000e+06
-4.618258500000000000e+06
-4.609766000000000000e+06
-4.601313500000000000e+06
-4.592912000000000000e+06
-4.584550000000000000e+06
-4.576238000000000000e+06
-4.567965000000000000e+06
-4.559740500000000000e+06
-4.551555000000000000e+06
-4.543417000000000000e+06
-4.535316500000000000e+06
-4.527264000000000000e+06
-4.519248000000000000e+06
-4.511278500000000000e+06
-4.503345500000000000e+06
-4.495458500000000000e+06
-4.487607000000000000e+06
-4.479800500000000000e+06
-4.472029000000000000e+06
-4.464302000000000000e+06
-4.456609500000000000e+06
-4.448960500000000000e+06
-4.441346000000000000e+06
-4.433773500000000000e+06
-4.426235000000000000e+06
-4.418738500000000000e+06
-4.411275500000000000e+06
-4.403853000000000000e+06
-4.396463500000000000e+06
-4.389114500000000000e+06
-4.381798000000000000e+06
-4.374521000000000000e+06
-4.367276000000000000e+06
-4.360070000000000000e+06
-4.352895000000000000e+06
-4.345759500000000000e+06
-4.338654000000000000e+06
-4.331586500000000000e+06
-4.324549500000000000e+06
-4.317550000000000000e+06
-4.310580000000000000e+06
-4.303647000000000000e+06
-4.296743500000000000e+06
-4.289876000000000000e+06
-4.283038000000000000e+06
-4.276235000000000000e+06
-4.269461000000000000e+06
-4.262722000000000000e+06
-4.256011500000000000e+06
-4.249335000000000000e+06
-4.242686500000000000e+06
-4.236072000000000000e+06
-4.229485000000000000e+06
-4.222931500000000000e+06
-4.216405000000000000e+06
-4.209911500000000000e+06
-4.203444500000000000e+06
-4.197010000000000000e+06
-4.190601750000000000e+06
-4.184225500000000000e+06
-4.177875500000000000e+06
-4.171556500000000000e+06
-4.165263500000000000e+06
-4.159001250000000000e+06
-4.152764000000000000e+06
-4.146557750000000000e+06
-4.140376250000000000e+06
-4.134224750000000000e+06
-4.128098000000000000e+06
-4.122000750000000000e+06
-4.115927750000000000e+06
-4.109883750000000000e+06
-4.103864000000000000e+06
-4.097873000000000000e+06
-4.091905250000000000e+06
-4.085966000000000000e+06
-4.080050500000000000e+06
-4.074162500000000000e+06
-4.068297250000000000e+06
-4.062460000000000000e+06
-4.056645250000000000e+06
-4.050858000000000000e+06
-4.045092500000000000e+06
-4.039354000000000000e+06
-4.033637500000000000e+06
-4.027947500000000000e+06
-4.022279500000000000e+06
-4.016637500000000000e+06
-4.011016500000000000e+06
-4.005421750000000000e+06
-3.999847750000000000e+06
-3.994299500000000000e+06
-3.988771750000000000e+06
-3.983269000000000000e+06
-3.977787000000000000e+06
-3.972329750000000000e+06
-3.966893000000000000e+06
-3.961480500000000000e+06
-3.956087500000000000e+06
-3.950719250000000000e+06
-3.945370500000000000e+06
-3.940045500000000000e+06
-3.934740000000000000e+06
-3.929458000000000000e+06
-3.924195000000000000e+06
-3.918955500000000000e+06
-3.913734500000000000e+06
-3.908536750000000000e+06
-3.903357500000000000e+06
-3.898201000000000000e+06
-3.893062500000000000e+06
-3.887946750000000000e+06
-3.882849000000000000e+06
-3.877773500000000000e+06
-3.872715500000000000e+06
-3.867679500000000000e+06
-3.862661500000000000e+06
-3.857664750000000000e+06
-3.852685000000000000e+06
-3.847727000000000000e+06
-3.842786000000000000e+06
-3.837866000000000000e+06
-3.832963000000000000e+06
-3.828080750000000000e+06
-3.823215250000000000e+06
-3.818370250000000000e+06
-3.813541500000000000e+06
-3.808733500000000000e+06
-3.803941250000000000e+06
-3.799169250000000000e+06
-3.794413250000000000e+06
-3.789677000000000000e+06
-3.784956750000000000e+06
-3.780256000000000000e+06
-3.775570750000000000e+06
-3.770904750000000000e+06
-3.766254500000000000e+06
-3.761623000000000000e+06
-3.757006750000000000e+06
-3.752409250000000000e+06
-3.747827250000000000e+06
-3.743263500000000000e+06
-3.738714500000000000e+06
-3.734184250000000000e+06
-3.729668500000000000e+06
-3.725170750000000000e+06
-3.720687500000000000e+06
-3.716222250000000000e+06
-3.711771500000000000e+06
-3.707338250000000000e+06
-3.702919250000000000e+06
-3.698517750000000000e+06
-3.694130250000000000e+06
-3.689760000000000000e+06
-3.685403250000000000e+06
-3.681064000000000000e+06
-3.676738250000000000e+06
-3.672429500000000000e+06
-3.668134000000000000e+06
-3.663855250000000000e+06
-3.659589750000000000e+06
-3.655340750000000000e+06
-3.651105000000000000e+06
-3.646885500000000000e+06
-3.642679000000000000e+06
-3.638488500000000000e+06
-3.634310750000000000e+06
-3.630149000000000000e+06
-3.626000000000000000e+06
-3.621866750000000000e+06
-3.617746000000000000e+06
-3.613640750000000000e+06
-3.609547750000000000e+06
-3.605470000000000000e+06
-3.601404500000000000e+06
-3.597354750000000000e+06
-3.593316500000000000e+06
-3.589293500000000000e+06
-3.585282250000000000e+06
-3.581286000000000000e+06
-3.577301500000000000e+06
-3.573331750000000000e+06
-3.569373500000000000e+06
-3.565430000000000000e+06
-3.561497750000000000e+06
-3.557580000000000000e+06
-3.553673500000000000e+06
-3.549781250000000000e+06
-3.545900000000000000e+06
-3.542033000000000000e+06
-3.538177000000000000e+06
-3.534335000000000000e+06
-3.530504000000000000e+06
-3.526686750000000000e+06
-3.522880000000000000e+06
-3.519087250000000000e+06
-3.515304750000000000e+06
-3.511536250000000000e+06
-3.507778000000000000e+06
-3.504033250000000000e+06
-3.500298500000000000e+06
-3.496577000000000000e+06
-3.492866000000000000e+06
-3.489168250000000000e+06
-3.485480250000000000e+06
-3.481805500000000000e+06
-3.478140500000000000e+06
-3.474488500000000000e+06
-3.470846000000000000e+06
-3.467216500000000000e+06
-3.463596500000000000e+06
-3.459989500000000000e+06
-3.456391750000000000e+06
-3.452806500000000000e+06
-3.449230750000000000e+06
-3.445667500000000000e+06
-3.442113500000000000e+06
-3.438571750000000000e+06
-3.435039250000000000e+06
-3.431518750000000000e+06
-3.428007500000000000e+06
-3.424508000000000000e+06
-3.421018000000000000e+06
-3.417539250000000000e+06
-3.414069750000000000e+06
-3.410612000000000000e+06
-3.407163000000000000e+06
-3.403725750000000000e+06
-3.400297000000000000e+06
-3.396879750000000000e+06
-3.393471000000000000e+06
-3.390074000000000000e+06
-3.386685250000000000e+06
-3.383308000000000000e+06
-3.379938750000000000e+06
-3.376581000000000000e+06
-3.373231250000000000e+06
-3.369892750000000000e+06
-3.366562500000000000e+06
-3.363243250000000000e+06
-3.359931750000000000e+06
-3.356631500000000000e+06
-3.353339000000000000e+06
-3.350057250000000000e+06
-3.346783500000000000e+06
-3.343520250000000000e+06
-3.340265000000000000e+06
-3.337020250000000000e+06
-3.333783000000000000e+06
-3.330556500000000000e+06
-3.327337500000000000e+06
-3.324128750000000000e+06
-3.320927500000000000e+06
-3.317736750000000000e+06
-3.314553250000000000e+06
-3.311380000000000000e+06
-3.308214000000000000e+06
-3.305058000000000000e+06
-3.301909500000000000e+06
-3.298771000000000000e+06
-3.295639250000000000e+06
-3.292518000000000000e+06
-3.289403250000000000e+06
-3.286298750000000000e+06
-3.283201000000000000e+06
-3.280113000000000000e+06
-3.277031750000000000e+06
-3.273960250000000000e+06
-3.270895750000000000e+06
-3.267840500000000000e+06
-3.264792250000000000e+06
-3.261753500000000000e+06
-3.258721250000000000e+06
-3.255698250000000000e+06
-3.252682250000000000e+06
-3.249675000000000000e+06
-3.246674500000000000e+06
-3.243683500000000000e+06
-3.240698500000000000e+06
-3.237722750000000000e+06
-3.234753500000000000e+06
-3.231793250000000000e+06
-3.228839000000000000e+06
-3.225894250000000000e+06
-3.222955500000000000e+06
-3.220025250000000000e+06
-3.217101750000000000e+06
-3.214186500000000000e+06
-3.211277500000000000e+06
-3.208377500000000000e+06
-3.205483250000000000e+06
-3.202597750000000000e+06
-3.199718250000000000e+06
-3.196847000000000000e+06
-3.193982000000000000e+06
-3.191125250000000000e+06
-3.188274500000000000e+06
-3.185432000000000000e+06
-3.182595250000000000e+06
-3.179767000000000000e+06
-3.176944250000000000e+06
-3.174130000000000000e+06
-3.171321000000000000e+06
-3.168520750000000000e+06
-3.165725750000000000e+06
-3.162938750000000000e+06
-3.160157250000000000e+06
-3.157384250000000000e+06
-3.154616000000000000e+06
-3.151856250000000000e+06
-3.149101750000000000e+06
-3.146355250000000000e+06
-3.143613750000000000e+06
-3.140880500000000000e+06
-3.138152250000000000e+06
-3.135431750000000000e+06
-3.132716500000000000e+06
-3.130009250000000000e+06
-3.127307000000000000e+06
-3.124612250000000000e+06
-3.121922500000000000e+06
-3.119240750000000000e+06
-3.116563750000000000e+06
-3.113894250000000000e+06
-3.111230000000000000e+06
-3.108573000000000000e+06
-3.105921000000000000e+06
-3.103276250000000000e+06
-3.100636500000000000e+06
-3.098004250000000000e+06
-3.095376500000000000e+06
-3.092756250000000000e+06
-3.090140750000000000e+06
-3.087532500000000000e+06
-3.084928750000000000e+06
-3.082332250000000000e+06
-3.079740500000000000e+06
-3.077156000000000000e+06
-3.074575750000000000e+06
-3.072002750000000000e+06
-3.069434250000000000e+06
-3.066873000000000000e+06
-3.064316000000000000e+06
-3.061766000000000000e+06
-3.059220250000000000e+06
-3.056681750000000000e+06
-3.054147500000000000e+06
-3.051620250000000000e+06
-3.049097250000000000e+06
-3.046581000000000000e+06
-3.044069000000000000e+06
-3.041564000000000000e+06
-3.039063000000000000e+06
-3.036568500000000000e+06
-3.034078750000000000e+06
-3.031595250000000000e+06
-3.029116000000000000e+06
-3.026643500000000000e+06
-3.024174750000000000e+06
-3.021713000000000000e+06
-3.019255000000000000e+06
-3.016803500000000000e+06
-3.014356000000000000e+06
-3.011915250000000000e+06
-3.009478250000000000e+06
-3.007048000000000000e+06
-3.004621250000000000e+06
-3.002201000000000000e+06
-2.999784500000000000e+06
-2.997374750000000000e+06
-2.994968500000000000e+06
-2.992568500000000000e+06
-2.990172500000000000e+06
-2.987782500000000000e+06
-2.985396250000000000e+06
-2.983016500000000000e+06
-2.980640000000000000e+06
-2.978270250000000000e+06
-2.975903750000000000e+06
-2.973543500000000000e+06
-2.971186750000000000e+06
-2.968836250000000000e+06
-2.966489000000000000e+06
-2.964148000000000000e+06
-2.961810750000000000e+06
-2.959479250000000000e+06
-2.957151000000000000e+06
-2.954829250000000000e+06
-2.952510750000000000e+06
-2.950197750000000000e+06
-2.947888750000000000e+06
-2.945585500000000000e+06
-2.943285250000000000e+06
-2.940991000000000000e+06
-2.938700250000000000e+06
-2.936415500000000000e+06
-2.934133500000000000e+06
-2.931857750000000000e+06
-2.929585000000000000e+06
-2.927318000000000000e+06
-2.925054000000000000e+06
-2.922796000000000000e+06
-2.920541250000000000e+06
-2.918292000000000000e+06
-2.916046000000000000e+06
-2.913805500000000000e+06
-2.911568000000000000e+06
-2.909336500000000000e+06
-2.907107750000000000e+06
-2.904884500000000000e+06
-2.902664500000000000e+06
-2.900450000000000000e+06
-2.898238250000000000e+06
-2.896032250000000000e+06
-2.893829250000000000e+06
-2.891631500000000000e+06
-2.889436750000000000e+06
-2.887247250000000000e+06
-2.885060750000000000e+06
-2.882880000000000000e+06
-2.880701750000000000e+06
-2.878529000000000000e+06
-2.876359000000000000e+06
-2.874194250000000000e+06
-2.872032250000000000e+06
-2.869876000000000000e+06
-2.867722000000000000e+06
-2.865573500000000000e+06
-2.863427750000000000e+06
-2.861287250000000000e+06
-2.859149000000000000e+06
-2.857016750000000000e+06
-2.854886500000000000e+06
-2.852761750000000000e+06
-2.850639500000000000e+06
-2.848522500000000000e+06
-2.846408000000000000e+06
-2.844298750000000000e+06
-2.842192000000000000e+06
-2.840090250000000000e+06
-2.837991000000000000e+06
-2.835897000000000000e+06
-2.833805250000000000e+06
-2.831718750000000000e+06
-2.829634750000000000e+06
-2.827555750000000000e+06
-2.825479250000000000e+06
-2.823407750000000000e+06
-2.821338250000000000e+06
-2.819274000000000000e+06
-2.817212250000000000e+06
-2.815155500000000000e+06
-2.813101000000000000e+06
-2.811051000000000000e+06
-2.809003750000000000e+06
-2.806961250000000000e+06
-2.804921000000000000e+06
-2.802885750000000000e+06
-2.800852750000000000e+06
-2.798824750000000000e+06
-2.796798750000000000e+06
-2.794777500000000000e+06
-2.792758750000000000e+06
-2.790744500000000000e+06
-2.788732500000000000e+06
-2.786725250000000000e+06
-2.784720500000000000e+06
-2.782720000000000000e+06
-2.780722000000000000e+06
-2.778728500000000000e+06
-2.776737000000000000e+06
-2.774750250000000000e+06
-2.772766000000000000e+06
-2.770785750000000000e+06
-2.768808000000000000e+06
-2.766835000000000000e+06
-2.764863750000000000e+06
-2.762897000000000000e+06
-2.760932500000000000e+06
-2.758972500000000000e+06
-2.757014500000000000e+06
-2.755061000000000000e+06
-2.753109750000000000e+06
-2.751163000000000000e+06
-2.749218000000000000e+06
-2.747277500000000000e+06
-2.745339000000000000e+06
-2.743405000000000000e+06
-2.741473000000000000e+06
-2.739545250000000000e+06
-2.737619500000000000e+06
-2.735698000000000000e+06
-2.733778500000000000e+06
-2.731863500000000000e+06
-2.729950500000000000e+06
-2.728041500000000000e+06
-2.726134750000000000e+06
-2.724232000000000000e+06
-2.722331250000000000e+06
-2.720434750000000000e+06
-2.718540000000000000e+06
-2.716649750000000000e+06
-2.714761000000000000e+06
-2.712877000000000000e+06
-2.710994500000000000e+06
-2.709116250000000000e+06
-2.707239500000000000e+06
-2.705367500000000000e+06
-2.703497000000000000e+06
-2.701630500000000000e+06
-2.699766000000000000e+06
-2.697905500000000000e+06
-2.696047000000000000e+06
-2.694192250000000000e+06
-2.692339500000000000e+06
-2.690490750000000000e+06
-2.688643750000000000e+06
-2.686801000000000000e+06
-2.684959500000000000e+06
-2.683122250000000000e+06
-2.681286750000000000e+06
-2.679455500000000000e+06
-2.677625500000000000e+06
-2.675799750000000000e+06
-2.673975500000000000e+06
-2.672155500000000000e+06
-2.670336750000000000e+06
-2.668522250000000000e+06
-2.666709250000000000e+06
-2.664900250000000000e+06
-2.663093000000000000e+06
-2.661289500000000000e+06
-2.659487500000000000e+06
-2.657689750000000000e+06
-2.655893250000000000e+06
-2.654100750000000000e+06
-2.652309750000000000e+06
-2.650522750000000000e+06
-2.648737250000000000e+06
-2.646955500000000000e+06
-2.645175250000000000e+06
-2.643399000000000000e+06
-2.641624000000000000e+06
-2.639853000000000000e+06
-2.638083500000000000e+06
-2.636317750000000000e+06
-2.634553500000000000e+06
-2.632793000000000000e+06
-2.631034000000000000e+06
-2.629278750000000000e+06
-2.627525000000000000e+06
-2.625774750000000000e+06
-2.624026250000000000e+06
-2.622281250000000000e+06
-2.620537500000000000e+06
-2.618798000000000000e+06
-2.617059500000000000e+06
-2.615325000000000000e+06
-2.613591750000000000e+06
-2.611862000000000000e+06
-2.610133750000000000e+06
-2.608409250000000000e+06
-2.606685750000000000e+06
-2.604966250000000000e+06
-2.603247750000000000e+06
-2.601533500000000000e+06
-2.599820000000000000e+06
-2.598110500000000000e+06
-2.596402000000000000e+06
-2.594697250000000000e+06
-2.592993500000000000e+06
-2.591293750000000000e+06
-2.589595250000000000e+06
-2.587900250000000000e+06
-2.586206500000000000e+06
-2.584516250000000000e+06
-2.582827250000000000e+06
-2.581141750000000000e+06
-2.579457500000000000e+06
-2.577776750000000000e+06
-2.576097500000000000e+06
-2.574421750000000000e+06
-2.572746750000000000e+06
-2.571075500000000000e+06
-2.569405500000000000e+06
-2.567739250000000000e+06
-2.566074000000000000e+06
-2.564411750000000000e+06
-2.562751250000000000e+06
-2.561094000000000000e+06
-2.559438000000000000e+06
-2.557785250000000000e+06
-2.556133750000000000e+06
-2.554485750000000000e+06
-2.552839000000000000e+06
-2.551195250000000000e+06
-2.549553000000000000e+06
-2.547914000000000000e+06
-2.546276000000000000e+06
-2.544641750000000000e+06
-2.543008250000000000e+06
-2.541378000000000000e+06
-2.539749250000000000e+06
-2.538123750000000000e+06
-2.536499250000000000e+06
-2.534878000000000000e+06
-2.533258000000000000e+06
-2.531641250000000000e+06
-2.530025500000000000e+06
-2.528413250000000000e+06
-2.526801750000000000e+06
-2.525193750000000000e+06
-2.523586750000000000e+06
-2.521983000000000000e+06
-2.520380500000000000e+06
-2.518781000000000000e+06
-2.517182750000000000e+06
-2.515587500000000000e+06
-2.513993500000000000e+06
-2.512402500000000000e+06
-2.510812500000000000e+06
-2.509226000000000000e+06
-2.507640500000000000e+06
-2.506058000000000000e+06
-2.504476500000000000e+06
-2.502898250000000000e+06
-2.501321000000000000e+06
-2.499747000000000000e+06
-2.498173750000000000e+06
-2.496604000000000000e+06
-2.495035000000000000e+06
-2.493469000000000000e+06
-2.491904000000000000e+06
-2.490342500000000000e+06
-2.488781750000000000e+06
-2.487224000000000000e+06
-2.485667500000000000e+06
-2.484113750000000000e+06
-2.482561000000000000e+06
-2.481011500000000000e+06
-2.479462750000000000e+06
-2.477917500000000000e+06
-2.476372500000000000e+06
-2.474831000000000000e+06
-2.473290500000000000e+06
-2.471752750000000000e+06
-2.470216000000000000e+06
-2.468682500000000000e+06
-2.467149500000000000e+06
-2.465620000000000000e+06
-2.464091000000000000e+06
-2.462565250000000000e+06
-2.461040250000000000e+06
-2.459518500000000000e+06
-2.457997250000000000e+06
-2.456479250000000000e+06
-2.454962000000000000e+06
-2.453448000000000000e+06
-2.451934500000000000e+06
-2.450424250000000000e+06
-2.448914500000000000e+06
-2.447408000000000000e+06
-2.445902250000000000e+06
-2.444399500000000000e+06
