5.534987059200000000e+12
-4.007057817600000000e+10
-4.514305536000000000e+09
-5.697084416000000000e+09
-1.501001728000000000e+09
-1.912881408000000000e+09
-7.066318080000000000e+08
-8.779095040000000000e+08
-4.004977600000000000e+08
-4.783121920000000000e+08
-2.540545280000000000e+08
-2.910972800000000000e+08
-1.736578560000000000e+08
-1.915314880000000000e+08
-1.251430000000000000e+08
-1.335483680000000000e+08
-9.378634400000000000e+07
-9.737770400000000000e+07
-7.244035200000000000e+07
-7.356031200000000000e+07
-5.731014000000000000e+07
-5.717766800000000000e+07
-4.623451600000000000e+07
-4.549700800000000000e+07
-3.791122400000000000e+07
-3.691528400000000000e+07
-3.151842400000000000e+07
-3.044843600000000000e+07
-2.651713200000000000e+07
-2.546861000000000000e+07
-2.254225400000000000e+07
-2.156166000000000000e+07
-1.933958200000000000e+07
-1.844637800000000000e+07
-1.672789300000000000e+07
-1.592690800000000000e+07
-1.457531900000000000e+07
-1.386372900000000000e+07
-1.278416700000000000e+07
-1.215544400000000000e+07
-1.128090900000000000e+07
-1.072702400000000000e+07
-1.000941800000000000e+07
-9.522048000000000000e+06
-8.926306000000000000e+06
-8.497469000000000000e+06
-7.997646500000000000e+06
-7.620003500000000000e+06
-7.196637500000000000e+06
-6.863607500000000000e+06
-6.501901000000000000e+06
-6.207678000000000000e+06
-5.896239000000000000e+06
-5.635751500000000000e+06
-5.365704500000000000e+06
-5.134551000000000000e+06
-4.898902000000000000e+06
-4.693279000000000000e+06
-4.486458500000000000e+06
-4.303086000000000000e+06
-4.120613500000000000e+06
-3.956666750000000000e+06
-3.794904250000000000e+06
-3.647949500000000000e+06
-3.503917500000000000e+06
-3.371858250000000000e+06
-3.243096000000000000e+06
-3.124124000000000000e+06
-3.008584250000000000e+06
-2.901137250000000000e+06
-2.797104750000000000e+06
-2.699831250000000000e+06
-2.605859750000000000e+06
-2.517588500000000000e+06
-2.432450750000000000e+06
-2.352164000000000000e+06
-2.274813000000000000e+06
-2.201625500000000000e+06
-2.131163750000000000e+06
-2.064302875000000000e+06
-1.999957250000000000e+06
-1.938747625000000000e+06
-1.879848875000000000e+06
-1.823698875000000000e+06
-1.769665625000000000e+06
-1.718055625000000000e+06
-1.668380750000000000e+06
-1.620853375000000000e+06
-1.575093000000000000e+06
-1.531244875000000000e+06
-1.489009375000000000e+06
-1.448483625000000000e+06
-1.409429625000000000e+06
-1.371910375000000000e+06
-1.335734625000000000e+06
-1.300941250000000000e+06
-1.267374875000000000e+06
-1.235057625000000000e+06
-1.203862000000000000e+06
-1.173798375000000000e+06
-1.144760875000000000e+06
-1.116752000000000000e+06
-1.089683000000000000e+06
-1.063550875000000000e+06
-1.038280500000000000e+06
-1.013865625000000000e+06
-9.902416250000000000e+05
-9.674005000000000000e+05
-9.452863125000000000e+05
-9.238898125000000000e+05
-9.031623125000000000e+05
-8.830940000000000000e+05
-8.636421875000000000e+05
-8.447970000000000000e+05
-8.265205625000000000e+05
-8.088033125000000000e+05
-7.916114375000000000e+05
-7.749359375000000000e+05
-7.587463125000000000e+05
-7.430341875000000000e+05
-7.277721250000000000e+05
-7.129522500000000000e+05
-6.985496875000000000e+05
-6.845571250000000000e+05
-6.709521250000000000e+05
-6.577278750000000000e+05
-6.448638750000000000e+05
-6.323538750000000000e+05
-6.201791875000000000e+05
-6.083340625000000000e+05
-5.968013125000000000e+05
-5.855758750000000000e+05
-5.746418125000000000e+05
-5.639945000000000000e+05
-5.536193125000000000e+05
-5.435120000000000000e+05
-5.336591250000000000e+05
-5.240567812500000000e+05
-5.146925625000000000e+05
-5.055629375000000000e+05
-4.966563750000000000e+05
-4.879696875000000000e+05
-4.794921875000000000e+05
-4.712210000000000000e+05
-4.631461250000000000e+05
-4.552650312500000000e+05
-4.475683750000000000e+05
-4.400538750000000000e+05
-4.327128125000000000e+05
-4.255431562500000000e+05
-4.185367500000000000e+05
-4.116917187500000000e+05
-4.050005312500000000e+05
-3.984614375000000000e+05
-3.920673750000000000e+05
-3.858167812500000000e+05
-3.797030312500000000e+05
-3.737247500000000000e+05
-3.678757187500000000e+05
-3.621546875000000000e+05
-3.565557812500000000e+05
-3.510778750000000000e+05
-3.457155312500000000e+05
-3.404676875000000000e+05
-3.353291875000000000e+05
-3.302991250000000000e+05
-3.253726250000000000e+05
-3.205488750000000000e+05
-3.158233437500000000e+05
-3.111951875000000000e+05
-3.066601875000000000e+05
-3.022176250000000000e+05
-2.978634375000000000e+05
-2.935970312500000000e+05
-2.894145625000000000e+05
-2.853154687500000000e+05
-2.812961875000000000e+05
-2.773561250000000000e+05
-2.734919375000000000e+05
-2.697031562500000000e+05
-2.659865625000000000e+05
-2.623416875000000000e+05
-2.587655468750000000e+05
-2.552577343750000000e+05
-2.518153750000000000e+05
-2.484381093750000000e+05
-2.451232343750000000e+05
-2.418704062500000000e+05
-2.386770625000000000e+05
-2.355429062500000000e+05
-2.324654843750000000e+05
-2.294445781250000000e+05
-2.264777968750000000e+05
-2.235649687500000000e+05
-2.207038437500000000e+05
-2.178942500000000000e+05
-2.151340468750000000e+05
-2.124230937500000000e+05
-2.097593437500000000e+05
-2.071426875000000000e+05
-2.045711718750000000e+05
-2.020446875000000000e+05
-1.995614062500000000e+05
-1.971212031250000000e+05
-1.947223593750000000e+05
-1.923647500000000000e+05
-1.900467187500000000e+05
-1.877682031250000000e+05
-1.855276093750000000e+05
-1.833248593750000000e+05
-1.811584375000000000e+05
-1.790282968750000000e+05
-1.769329843750000000e+05
-1.748724531250000000e+05
-1.728453281250000000e+05
-1.708515625000000000e+05
-1.688898437500000000e+05
-1.669601406250000000e+05
-1.650611875000000000e+05
-1.631929687500000000e+05
-1.613542656250000000e+05
-1.595450625000000000e+05
-1.577642343750000000e+05
-1.560117343750000000e+05
-1.542864687500000000e+05
-1.525884375000000000e+05
-1.509165781250000000e+05
-1.492709062500000000e+05
-1.476503906250000000e+05
-1.460550468750000000e+05
-1.444839062500000000e+05
-1.429369687500000000e+05
-1.414132968750000000e+05
-1.399129218750000000e+05
-1.384349375000000000e+05
-1.369793593750000000e+05
-1.355453437500000000e+05
-1.341329218750000000e+05
-1.327412343750000000e+05
-1.313703281250000000e+05
-1.300194062500000000e+05
-1.286885000000000000e+05
-1.273768437500000000e+05
-1.260844765625000000e+05
-1.248106484375000000e+05
-1.235554218750000000e+05
-1.223180625000000000e+05
-1.210986250000000000e+05
-1.198964218750000000e+05
-1.187115000000000000e+05
-1.175432031250000000e+05
-1.163915703125000000e+05
-1.152559687500000000e+05
-1.141364453125000000e+05
-1.130323906250000000e+05
-1.119438593750000000e+05
-1.108702500000000000e+05
-1.098116250000000000e+05
-1.087674062500000000e+05
-1.077376484375000000e+05
-1.067218125000000000e+05
-1.057199375000000000e+05
-1.047315000000000000e+05
-1.037565625000000000e+05
-1.027945937500000000e+05
-1.018456718750000000e+05
-1.009092890625000000e+05
-9.998550000000000000e+04
-9.907383593750000000e+04
-9.817435156250000000e+04
-9.728658593750000000e+04
-9.641059375000000000e+04
-9.554592187500000000e+04
-9.469264843750000000e+04
-9.385032031250000000e+04
-9.301901562500000000e+04
-9.219830468750000000e+04
-9.138825781250000000e+04
-9.058845312500000000e+04
-8.979896875000000000e+04
-8.901939843750000000e+04
-8.824981250000000000e+04
-8.748982812500000000e+04
-8.673951562500000000e+04
-8.599849218750000000e+04
-8.526682812500000000e+04
-8.454415625000000000e+04
-8.383056250000000000e+04
-8.312567187500000000e+04
-8.242957031250000000e+04
-8.174189843750000000e+04
-8.106275000000000000e+04
-8.039176562500000000e+04
-7.972903125000000000e+04
-7.907422656250000000e+04
-7.842740625000000000e+04
-7.778827343750000000e+04
-7.715688281250000000e+04
-7.653293750000000000e+04
-7.591650781250000000e+04
-7.530729687500000000e+04
-7.470536718750000000e+04
-7.411043750000000000e+04
-7.352257812500000000e+04
-7.294150000000000000e+04
-7.236728906250000000e+04
-7.179965625000000000e+04
-7.123867968750000000e+04
-7.068409375000000000e+04
-7.013596093750000000e+04
-6.959403125000000000e+04
-6.905836718750000000e+04
-6.852871875000000000e+04
-6.800516406250000000e+04
-6.748744531250000000e+04
-6.697563281250000000e+04
-6.646949218750000000e+04
-6.596909375000000000e+04
-6.547420312500000000e+04
-6.498488671875000000e+04
-6.450091796875000000e+04
-6.402236328125000000e+04
-6.354900390625000000e+04
-6.308091015625000000e+04
-6.261786328125000000e+04
-6.215992968750000000e+04
-6.170689843750000000e+04
-6.125883984375000000e+04
-6.081555078125000000e+04
-6.037708984375000000e+04
-5.994326562500000000e+04
-5.951413671875000000e+04
-5.908951562500000000e+04
-5.866946093750000000e+04
-5.825378515625000000e+04
-5.784255859375000000e+04
-5.743558593750000000e+04
-5.703293750000000000e+04
-5.663442968750000000e+04
-5.624012890625000000e+04
-5.584985937500000000e+04
-5.546367968750000000e+04
-5.508142187500000000e+04
-5.470314843750000000e+04
-5.432868359375000000e+04
-5.395810156250000000e+04
-5.359122656250000000e+04
-5.322812890625000000e+04
-5.286864453125000000e+04
-5.251283203125000000e+04
-5.216053906250000000e+04
-5.181182421875000000e+04
-5.146653125000000000e+04
-5.112472656250000000e+04
-5.078625390625000000e+04
-5.045117578125000000e+04
-5.011934375000000000e+04
-4.979082421875000000e+04
-4.946546093750000000e+04
-4.914332421875000000e+04
-4.882426562500000000e+04
-4.850835156250000000e+04
-4.819543359375000000e+04
-4.788557812500000000e+04
-4.757864843750000000e+04
-4.727470312500000000e+04
-4.697360546875000000e+04
-4.667541796875000000e+04
-4.638000781250000000e+04
-4.608743359375000000e+04
-4.579756640625000000e+04
-4.551046484375000000e+04
-4.522600390625000000e+04
-4.494424218750000000e+04
-4.466505078125000000e+04
-4.438849609375000000e+04
-4.411444531250000000e+04
-4.384296484375000000e+04
-4.357392968750000000e+04
-4.330740234375000000e+04
-4.304326171875000000e+04
-4.278156250000000000e+04
-4.252219531250000000e+04
-4.226521484375000000e+04
-4.201050390625000000e+04
-4.175812500000000000e+04
-4.150795703125000000e+04
-4.126007031250000000e+04
-4.101433984375000000e+04
-4.077083593750000000e+04
-4.052943750000000000e+04
-4.029021093750000000e+04
-4.005304296875000000e+04
-3.981799609375000000e+04
-3.958495703125000000e+04
-3.935398828125000000e+04
-3.912498437500000000e+04
-3.889800000000000000e+04
-3.867292968750000000e+04
-3.844983984375000000e+04
-3.822861718750000000e+04
-3.800932812500000000e+04
-3.779186718750000000e+04
-3.757628906250000000e+04
-3.736250000000000000e+04
-3.715055078125000000e+04
-3.694034765625000000e+04
-3.673194531250000000e+04
-3.652525000000000000e+04
-3.632031640625000000e+04
-3.611704687500000000e+04
-3.591549609375000000e+04
-3.571557812500000000e+04
-3.551733984375000000e+04
-3.532069531250000000e+04
-3.512569921875000000e+04
-3.493225390625000000e+04
-3.474042187500000000e+04
-3.455010937500000000e+04
-3.436137500000000000e+04
-3.417412500000000000e+04
-3.398841406250000000e+04
-3.380416015625000000e+04
-3.362141015625000000e+04
-3.344008593750000000e+04
-3.326023046875000000e+04
-3.308177343750000000e+04
-3.290475390625000000e+04
-3.272909765625000000e+04
-3.255485351562500000e+04
-3.238193945312500000e+04
-3.221040820312500000e+04
-3.204017968750000000e+04
-3.187130468750000000e+04
-3.170370312500000000e+04
-3.153742578125000000e+04
-3.137239648437500000e+04
-3.120866406250000000e+04
-3.104615234375000000e+04
-3.088491210937500000e+04
-3.072486523437500000e+04
-3.056606250000000000e+04
-3.040842773437500000e+04
-3.025201367187500000e+04
-3.009674414062500000e+04
-2.994266796875000000e+04
-2.978971093750000000e+04
-2.963792578125000000e+04
-2.948723632812500000e+04
-2.933769335937500000e+04
-2.918922460937500000e+04
-2.904188085937500000e+04
-2.889558789062500000e+04
-2.875039453125000000e+04
-2.860623437500000000e+04
-2.846315039062500000e+04
-2.832107812500000000e+04
-2.818006054687500000e+04
-2.804003515625000000e+04
-2.790104492187500000e+04
-2.776302343750000000e+04
-2.762601757812500000e+04
-2.748996289062500000e+04
-2.735490429687500000e+04
-2.722077734375000000e+04
-2.708762500000000000e+04
-2.695538671875000000e+04
-2.682410546875000000e+04
-2.669371875000000000e+04
-2.656427148437500000e+04
-2.643570117187500000e+04
-2.630805273437500000e+04
-2.618126367187500000e+04
-2.605537890625000000e+04
-2.593033593750000000e+04
-2.580618164062500000e+04
-2.568285156250000000e+04
-2.556039257812500000e+04
-2.543874218750000000e+04
-2.531794921875000000e+04
-2.519794726562500000e+04
-2.507878710937500000e+04
-2.496040429687500000e+04
-2.484284375000000000e+04
-2.472604882812500000e+04
-2.461006054687500000e+04
-2.449482226562500000e+04
-2.438037695312500000e+04
-2.426666601562500000e+04
-2.415373632812500000e+04
-2.404152539062500000e+04
-2.393008203125000000e+04
-2.381934375000000000e+04
-2.370935742187500000e+04
-2.360006445312500000e+04
-2.349151171875000000e+04
-2.338363867187500000e+04
-2.327649218750000000e+04
-2.317000976562500000e+04
-2.306424414062500000e+04
-2.295913085937500000e+04
-2.285472070312500000e+04
-2.275095117187500000e+04
-2.264787304687500000e+04
-2.254542382812500000e+04
-2.244365234375000000e+04
-2.234249804687500000e+04
-2.224200976562500000e+04
-2.214213085937500000e+04
-2.204290429687500000e+04
-2.194427343750000000e+04
-2.184628906250000000e+04
-2.174888671875000000e+04
-2.165211914062500000e+04
-2.155592382812500000e+04
-2.146035351562500000e+04
-2.136534570312500000e+04
-2.127094921875000000e+04
-2.117710742187500000e+04
-2.108386718750000000e+04
-2.099116992187500000e+04
-2.089906640625000000e+04
-2.080749414062500000e+04
-2.071650781250000000e+04
-2.062604296875000000e+04
-2.053615429687500000e+04
-2.044677734375000000e+04
-2.035796679687500000e+04
-2.026965820312500000e+04
-2.018190820312500000e+04
-2.009465429687500000e+04
-2.000794726562500000e+04
-1.992172460937500000e+04
-1.983604492187500000e+04
-1.975083984375000000e+04
-1.966616601562500000e+04
-1.958196289062500000e+04
-1.949828125000000000e+04
-1.941506054687500000e+04
-1.933235546875000000e+04
-1.925010156250000000e+04
-1.916835742187500000e+04
-1.908705468750000000e+04
-1.900625390625000000e+04
-1.892588867187500000e+04
-1.884601562500000000e+04
-1.876657031250000000e+04
-1.868761328125000000e+04
-1.860907421875000000e+04
-1.853101562500000000e+04
-1.845336718750000000e+04
-1.837619335937500000e+04
-1.829942382812500000e+04
-1.822312109375000000e+04
-1.814721484375000000e+04
-1.807176953125000000e+04
-1.799671289062500000e+04
-1.792211132812500000e+04
-1.784789062500000000e+04
-1.777411914062500000e+04
-1.770072265625000000e+04
-1.762776757812500000e+04
-1.755518164062500000e+04
-1.748303320312500000e+04
-1.741124609375000000e+04
-1.733988867187500000e+04
-1.726888671875000000e+04
-1.719831054687500000e+04
-1.712808203125000000e+04
-1.705827343750000000e+04
-1.698880664062500000e+04
-1.691975585937500000e+04
-1.685103906250000000e+04
-1.678273242187500000e+04
-1.671475585937500000e+04
-1.664718164062500000e+04
-1.657993359375000000e+04
-1.651308398437500000e+04
-1.644655078125000000e+04
-1.638041308593750000e+04
-1.631458691406250000e+04
-1.624915136718750000e+04
-1.618402050781250000e+04
-1.611927636718750000e+04
-1.605483105468750000e+04
-1.599076757812500000e+04
-1.592699707031250000e+04
-1.586360546875000000e+04
-1.580050000000000000e+04
-1.573776953125000000e+04
-1.567532031250000000e+04
-1.561324121093750000e+04
-1.555143847656250000e+04
-1.549000097656250000e+04
-1.542883496093750000e+04
-1.536803125000000000e+04
-1.530749316406250000e+04
-1.524731347656250000e+04
-1.518739355468750000e+04
-1.512782812500000000e+04
-1.506851953125000000e+04
-1.500956054687500000e+04
-1.495085253906250000e+04
-1.489249121093750000e+04
-1.483437597656250000e+04
-1.477660449218750000e+04
-1.471907324218750000e+04
-1.466188281250000000e+04
-1.460492773437500000e+04
-1.454831054687500000e+04
-1.449192382812500000e+04
-1.443587109375000000e+04
-1.438004492187500000e+04
-1.432454980468750000e+04
-1.426927636718750000e+04
-1.421433105468750000e+04
-1.415960156250000000e+04
-1.410519921875000000e+04
-1.405100781250000000e+04
-1.399713964843750000e+04
-1.394347753906250000e+04
-1.389013671875000000e+04
-1.383699902343750000e+04
-1.378417871093750000e+04
-1.373155566406250000e+04
-1.367924902343750000e+04
-1.362713574218750000e+04
-1.357533496093750000e+04
-1.352372363281250000e+04
-1.347242285156250000e+04
-1.342130761718750000e+04
-1.337050000000000000e+04
-1.331987304687500000e+04
-1.326955175781250000e+04
-1.321940722656250000e+04
-1.316956738281250000e+04
-1.311989843750000000e+04
-1.307053222656250000e+04
-1.302133300781250000e+04
-1.297243457031250000e+04
-1.292369921875000000e+04
-1.287526269531250000e+04
-1.282698535156250000e+04
-1.277900390625000000e+04
-1.273117773437500000e+04
-1.268364648437500000e+04
-1.263626660156250000e+04
-1.258917968750000000e+04
-1.254224023437500000e+04
-1.249559179687500000e+04
-1.244908691406250000e+04
-1.240287109375000000e+04
-1.235679492187500000e+04
-1.231100683593750000e+04
-1.226535449218750000e+04
-1.221998828125000000e+04
-1.217475390625000000e+04
-1.212980468750000000e+04
-1.208498437500000000e+04
-1.204044628906250000e+04
-1.199603320312500000e+04
-1.195190136718750000e+04
-1.190789160156250000e+04
-1.186416113281250000e+04
-1.182054882812500000e+04
-1.177721582031250000e+04
-1.173399511718750000e+04
-1.169105371093750000e+04
-1.164822167968750000e+04
-1.160566699218750000e+04
-1.156321875000000000e+04
-1.152104589843750000e+04
-1.147897558593750000e+04
-1.143718066406250000e+04
-1.139548437500000000e+04
-1.135406250000000000e+04
-1.131273535156250000e+04
-1.127168261718750000e+04
-1.123072070312500000e+04
-1.119003125000000000e+04
-1.114942968750000000e+04
-1.110910058593750000e+04
-1.106885449218750000e+04
-1.102888085937500000e+04
-1.098898730468750000e+04
-1.094936523437500000e+04
-1.090981933593750000e+04
-1.087054394531250000e+04
-1.083134277343750000e+04
-1.079241015625000000e+04
-1.075354785156250000e+04
-1.071495507812500000e+04
-1.067642871093750000e+04
-1.063817089843750000e+04
-1.059997558593750000e+04
-1.056204882812500000e+04
-1.052418261718750000e+04
-1.048658300781250000e+04
-1.044904003906250000e+04
-1.041176464843750000e+04
-1.037454296875000000e+04
-1.033758691406250000e+04
-1.030068164062500000e+04
-1.026404199218750000e+04
-1.022744921875000000e+04
-1.019112207031250000e+04
-1.015483984375000000e+04
-1.011882128906250000e+04
-1.008284472656250000e+04
-1.004713281250000000e+04
-1.001145800781250000e+04
-9.976048828125000000e+03
-9.940673828125000000e+03
-9.905562500000000000e+03
-9.870482421875000000e+03
-9.835667968750000000e+03
-9.800879882812500000e+03
-9.766357421875000000e+03
-9.731859375000000000e+03
-9.697625000000000000e+03
-9.663413085937500000e+03
-9.629464843750000000e+03
-9.595535156250000000e+03
-9.561870117187500000e+03
-9.528220703125000000e+03
-9.494834960937500000e+03
-9.461461914062500000e+03
-9.428352539062500000e+03
-9.395252929687500000e+03
-9.362416992187500000e+03
-9.329587890625000000e+03
-9.297023437500000000e+03
-9.264461914062500000e+03
-9.232164062500000000e+03
-9.199867187500000000e+03
-9.167834960937500000e+03
-9.135800781250000000e+03
-9.104030273437500000e+03
-9.072253906250000000e+03
-9.040743164062500000e+03
-9.009223632812500000e+03
-8.977968750000000000e+03
-8.946703125000000000e+03
-8.915702148437500000e+03
-8.884686523437500000e+03
-8.853936523437500000e+03
-8.823169921875000000e+03
-8.792667968750000000e+03
-8.762146484375000000e+03
-8.731891601562500000e+03
-8.701612304687500000e+03
-8.671600585937500000e+03
-8.641562500000000000e+03
-8.611791015625000000e+03
-8.581990234375000000e+03
-8.552458007812500000e+03
-8.522892578125000000e+03
-8.493595703125000000e+03
-8.464263671875000000e+03
-8.435200195312500000e+03
-8.406098632812500000e+03
-8.377265625000000000e+03
-8.348392578125000000e+03
-8.319788085937500000e+03
-8.291140625000000000e+03
-8.262763671875000000e+03
-8.234339843750000000e+03
-8.206185546875000000e+03
-8.177983398437500000e+03
-8.150051269531250000e+03
-8.122067871093750000e+03
-8.094355468750000000e+03
-8.066588867187500000e+03
-8.039093750000000000e+03
-8.011541503906250000e+03
-7.984261718750000000e+03
-7.956921875000000000e+03
-7.929855468750000000e+03
-7.902725585937500000e+03
-7.875870117187500000e+03
-7.848948730468750000e+03
-7.822302246093750000e+03
-7.795586914062500000e+03
-7.769146972656250000e+03
-7.742635742187500000e+03
-7.716400390625000000e+03
-7.690091308593750000e+03
-7.664058593750000000e+03
-7.637949707031250000e+03
-7.612118164062500000e+03
-7.586207031250000000e+03
-7.560574218750000000e+03
-7.534859375000000000e+03
-7.509423828125000000e+03
-7.483902832031250000e+03
-7.458662109375000000e+03
-7.433333984375000000e+03
-7.408286132812500000e+03
-7.383148437500000000e+03
-7.358291992187500000e+03
-7.333342773437500000e+03
-7.308675781250000000e+03
-7.283913574218750000e+03
-7.259434570312500000e+03
-7.234856933593750000e+03
-7.210563476562500000e+03
-7.186169433593750000e+03
-7.162060546875000000e+03
-7.137847656250000000e+03
-7.113920898437500000e+03
-7.089888183593750000e+03
-7.066142089843750000e+03
-7.042287109375000000e+03
-7.018720214843750000e+03
-6.995041503906250000e+03
-6.971651855468750000e+03
-6.948147949218750000e+03
-6.924934082031250000e+03
-6.901603515625000000e+03
-6.878562988281250000e+03
-6.855404296875000000e+03
-6.832536132812500000e+03
-6.809546875000000000e+03
-6.786850097656250000e+03
-6.764029296875000000e+03
-6.741501464843750000e+03
-6.718847167968750000e+03
-6.696487304687500000e+03
-6.673998046875000000e+03
-6.651804687500000000e+03
-6.629479003906250000e+03
-6.607450195312500000e+03
-6.585286621093750000e+03
-6.563420898437500000e+03
-6.541417968750000000e+03
-6.519713867187500000e+03
-6.497870605468750000e+03
-6.476326660156250000e+03
-6.454641113281250000e+03
-6.433255859375000000e+03
-6.411726562500000000e+03
-6.390498535156250000e+03
-6.369124023437500000e+03
-6.348052246093750000e+03
-6.326831542968750000e+03
-6.305914062500000000e+03
-6.284845214843750000e+03
-6.264081054687500000e+03
-6.243163085937500000e+03
-6.222550781250000000e+03
-6.201782226562500000e+03
-6.181320800781250000e+03
-6.160700195312500000e+03
-6.140387695312500000e+03
-6.119914062500000000e+03
-6.099749023437500000e+03
-6.079420898437500000e+03
-6.059402832031250000e+03
-6.039218750000000000e+03
-6.019346191406250000e+03
-5.999305175781250000e+03
-5.979576171875000000e+03
-5.959676757812500000e+03
-5.940090820312500000e+03
-5.920332031250000000e+03
-5.900887695312500000e+03
-5.881267578125000000e+03
-5.861963378906250000e+03
-5.842481933593750000e+03
-5.823316894531250000e+03
-5.803971679687500000e+03
-5.784944824218750000e+03
-5.765735351562500000e+03
-5.746845214843750000e+03
-5.727770507812500000e+03
-5.709015625000000000e+03
-5.690074218750000000e+03
-5.671454101562500000e+03
-5.652644531250000000e+03
-5.634157714843750000e+03
-5.615479492187500000e+03
-5.597124511718750000e+03
-5.578576171875000000e+03
-5.560352539062500000e+03
-5.541932617187500000e+03
-5.523839355468750000e+03
-5.505547363281250000e+03
-5.487582519531250000e+03
-5.469417480468750000e+03
-5.451580566406250000e+03
-5.433540527343750000e+03
-5.415830566406250000e+03
-5.397915039062500000e+03
-5.380331054687500000e+03
-5.362539062500000000e+03
-5.345079589843750000e+03
-5.327410156250000000e+03
-5.310074218750000000e+03
-5.292525878906250000e+03
-5.275312988281250000e+03
-5.257885253906250000e+03
-5.240793457031250000e+03
-5.223485351562500000e+03
-5.206514160156250000e+03
-5.189324707031250000e+03
-5.172473144531250000e+03
-5.155400878906250000e+03
-5.138668457031250000e+03
-5.121712402343750000e+03
-5.105097656250000000e+03
-5.088257324218750000e+03
-5.071759277343750000e+03
-5.055033691406250000e+03
-5.038651367187500000e+03
-5.022039550781250000e+03
-5.005771972656250000e+03
-4.989272949218750000e+03
-4.973119140625000000e+03
-4.956731933593750000e+03
-4.940691894531250000e+03
-4.924415527343750000e+03
-4.908487304687500000e+03
-4.892320800781250000e+03
-4.876503906250000000e+03
-4.860446777343750000e+03
-4.844740722656250000e+03
-4.828791503906250000e+03
-4.813194824218750000e+03
-4.797353515625000000e+03
-4.781865234375000000e+03
-4.766130371093750000e+03
-4.750750000000000000e+03
-4.735121093750000000e+03
-4.719847656250000000e+03
-4.704323730468750000e+03
-4.689156250000000000e+03
-4.673736328125000000e+03
-4.658674316406250000e+03
-4.643357421875000000e+03
-4.628399902343750000e+03
-4.613186035156250000e+03
-4.598332031250000000e+03
-4.583219726562500000e+03
-4.568468750000000000e+03
-4.553457031250000000e+03
-4.538808105468750000e+03
-4.523896484375000000e+03
-4.509349121093750000e+03
-4.494537109375000000e+03
-4.480089843750000000e+03
-4.465376464843750000e+03
-4.451029296875000000e+03
-4.436413085937500000e+03
-4.422165039062500000e+03
-4.407646484375000000e+03
-4.393496582031250000e+03
-4.379074218750000000e+03
-4.365021972656250000e+03
-4.350694824218750000e+03
-4.336739257812500000e+03
-4.322507324218750000e+03
-4.308647949218750000e+03
-4.294509765625000000e+03
-4.280745605468750000e+03
-4.266701171875000000e+03
-4.253031738281250000e+03
-4.239080078125000000e+03
-4.225504394531250000e+03
-4.211644531250000000e+03
-4.198162597656250000e+03
-4.184394042968750000e+03
-4.171004394531250000e+03
-4.157326171875000000e+03
-4.144028320312500000e+03
-4.130440429687500000e+03
-4.117233886718750000e+03
-4.103735351562500000e+03
-4.090619140625000000e+03
-4.077209228515625000e+03
-4.064182861328125000e+03
-4.050860839843750000e+03
-4.037923828125000000e+03
-4.024689208984375000e+03
-4.011840576171875000e+03
-3.998692626953125000e+03
-3.985932128906250000e+03
-3.972870117187500000e+03
-3.960196777343750000e+03
-3.947220458984375000e+03
-3.934633544921875000e+03
-3.921741943359375000e+03
-3.909241210937500000e+03
-3.896433837890625000e+03
-3.884018554687500000e+03
-3.871294433593750000e+03
-3.858964111328125000e+03
-3.846322998046875000e+03
-3.834076660156250000e+03
-3.821518066406250000e+03
-3.809355468750000000e+03
